parcode,trial,rt,choice,item_left,item_right
1,0,3327,1,0.0,5.0
1,1,3424,1,5.0,4.0
1,2,3691,1,4.0,1.0
1,3,8144,-1,3.0,5.0
1,4,6559,-1,5.0,5.0
1,5,5595,-1,0.0,1.0
1,6,2470,1,3.0,0.0
1,7,6091,1,0.0,0.0
1,8,4669,1,3.0,4.0
1,9,4001,1,5.0,0.0
1,10,3301,-1,0.0,0.0
1,11,2867,-1,2.0,5.0
1,12,3117,1,4.0,0.0
1,13,10424,1,4.0,5.0
1,14,2754,-1,1.0,3.0
1,15,5836,1,5.0,4.0
1,16,3931,1,4.0,4.0
1,17,3602,1,3.0,0.0
1,18,5674,-1,4.0,2.0
1,19,2567,1,4.0,0.0
1,20,2097,-1,0.0,3.0
1,21,3641,-1,0.0,0.0
1,22,4550,1,4.0,3.0
1,23,2973,1,4.0,2.0
1,24,2824,-1,1.0,4.0
1,25,3643,-1,5.0,5.0
1,26,2188,1,4.0,0.0
1,27,3321,1,4.0,0.0
1,28,6784,-1,4.0,5.0
1,29,2314,-1,0.0,5.0
1,30,2952,-1,0.0,5.0
1,31,8388,-1,1.0,2.0
1,32,5341,1,1.0,4.0
1,33,2183,1,0.0,0.0
1,34,3207,-1,0.0,4.0
1,35,3224,1,0.0,3.0
1,36,3476,1,4.0,4.0
1,37,2295,-1,0.0,4.0
1,38,3513,-1,3.0,5.0
1,39,4458,1,0.0,0.0
1,80,2348,1,3.0,0.0
1,81,2809,-1,2.0,4.0
1,82,1992,-1,0.0,4.0
1,83,1534,1,4.0,0.0
1,84,3023,-1,0.0,5.0
1,85,3452,-1,5.0,5.0
1,86,3961,1,5.0,3.0
1,87,2636,1,5.0,0.0
1,88,1898,1,5.0,0.0
1,89,1725,1,5.0,0.0
1,90,4336,1,5.0,5.0
1,91,2037,-1,0.0,0.0
1,92,2479,-1,0.0,4.0
1,93,3389,1,5.0,3.0
1,94,2339,-1,4.0,5.0
1,95,3609,-1,4.0,4.0
1,96,7371,1,5.0,3.0
1,97,2520,-1,3.0,5.0
1,98,1761,1,5.0,2.0
1,99,2593,1,4.0,4.0
1,100,5772,1,3.0,0.0
1,101,1945,-1,0.0,4.0
1,102,1621,1,0.0,0.0
1,103,2952,1,3.0,2.0
1,104,2725,-1,1.0,5.0
1,105,2591,-1,0.0,3.0
1,106,3523,1,2.0,0.0
1,107,7082,-1,1.0,0.0
1,108,4066,1,3.0,1.0
1,109,2602,-1,1.0,5.0
1,110,3239,1,2.0,1.0
1,111,1943,-1,3.0,3.0
1,112,3627,-1,4.0,5.0
1,113,6245,-1,4.0,3.0
1,114,4574,1,4.0,3.0
1,115,4327,1,4.0,0.0
1,116,6247,-1,0.0,5.0
1,117,2353,-1,0.0,1.0
1,118,4758,-1,0.0,3.0
1,119,2715,-1,0.0,4.0
1,160,1573,-1,0.0,0.0
1,161,1712,1,4.0,4.0
1,162,2040,-1,3.0,4.0
1,163,2372,1,5.0,4.0
1,164,4185,-1,5.0,4.0
1,165,3429,1,0.0,1.0
1,166,2044,-1,2.0,3.0
1,167,2542,1,5.0,0.0
1,168,1576,1,5.0,1.0
1,169,2497,-1,0.0,0.0
1,170,2511,1,4.0,0.0
1,171,1564,1,3.0,3.0
1,172,1616,1,3.0,0.0
1,173,2987,1,5.0,4.0
1,174,3625,-1,4.0,5.0
1,175,2226,-1,0.0,5.0
1,176,2179,-1,0.0,3.0
1,177,1847,-1,0.0,4.0
1,178,1569,1,1.0,0.0
1,179,2371,-1,0.0,5.0
1,180,2482,-1,0.0,4.0
1,181,2747,-1,0.0,0.0
1,182,2918,1,5.0,3.0
1,183,3706,1,5.0,4.0
1,184,3625,1,5.0,0.0
1,185,3938,-1,0.0,0.0
1,186,2329,-1,0.0,0.0
1,187,2028,-1,1.0,4.0
1,188,1665,1,4.0,0.0
1,189,1580,1,5.0,0.0
1,190,4189,-1,4.0,5.0
1,191,2626,-1,4.0,4.0
1,192,3783,1,4.0,1.0
1,193,2920,-1,3.0,5.0
1,194,4843,-1,1.0,0.0
1,195,5275,-1,2.0,4.0
1,196,5630,-1,0.0,2.0
1,197,1871,1,5.0,1.0
1,198,4173,1,4.0,1.0
1,199,2828,-1,3.0,4.0
2,0,4960,-1,0.0,5.0
2,1,6438,-1,5.0,5.0
2,2,5125,-1,0.0,5.0
2,3,4268,-1,0.0,5.0
2,4,4726,1,5.0,2.0
2,5,5392,1,5.0,2.0
2,6,3471,1,0.0,0.0
2,7,4299,1,5.0,2.0
2,8,4299,1,5.0,5.0
2,9,4088,-1,5.0,5.0
2,10,3147,-1,0.0,0.0
2,11,3923,-1,0.0,0.0
2,12,3889,-1,2.0,5.0
2,13,4426,-1,0.0,0.0
2,14,3035,1,5.0,0.0
2,15,4915,1,0.0,0.0
2,16,5395,1,5.0,2.0
2,17,5623,1,2.0,5.0
2,18,6208,1,2.0,0.0
2,19,2323,1,0.0,0.0
2,20,3491,-1,2.0,0.0
2,21,5468,1,5.0,0.0
2,22,6446,-1,5.0,5.0
2,23,4541,1,2.0,2.0
2,24,3991,-1,0.0,5.0
2,25,4235,-1,5.0,5.0
2,26,5489,1,5.0,5.0
2,27,6380,-1,5.0,5.0
2,28,3385,1,5.0,0.0
2,29,4479,1,5.0,5.0
2,30,3546,-1,0.0,5.0
2,31,3266,1,5.0,0.0
2,32,2267,1,0.0,0.0
2,33,3808,-1,0.0,2.0
2,34,4033,-1,5.0,2.0
2,35,3093,-1,0.0,5.0
2,36,3486,1,0.0,2.0
2,37,5401,-1,0.0,5.0
2,38,2833,-1,5.0,0.0
2,39,1746,-1,0.0,5.0
2,80,2741,1,5.0,0.0
2,81,2186,-1,0.0,5.0
2,82,2803,-1,0.0,0.0
2,83,1702,-1,0.0,2.0
2,84,2152,-1,0.0,0.0
2,85,1414,1,0.0,5.0
2,86,1979,1,5.0,2.0
2,87,1929,1,5.0,2.0
2,88,1618,-1,0.0,5.0
2,89,1534,-1,0.0,0.0
2,90,1384,-1,2.0,5.0
2,91,1343,1,0.0,0.0
2,92,1683,1,0.0,0.0
2,93,2062,1,5.0,0.0
2,94,1539,1,5.0,5.0
2,95,1601,1,5.0,5.0
2,96,1858,-1,0.0,0.0
2,97,1467,1,5.0,5.0
2,98,1867,-1,5.0,5.0
2,99,1450,-1,0.0,5.0
2,100,2378,-1,5.0,5.0
2,101,2138,1,2.0,5.0
2,102,1414,-1,0.0,0.0
2,103,1971,-1,5.0,2.0
2,104,1983,1,5.0,0.0
2,105,2258,1,5.0,0.0
2,106,1400,1,5.0,0.0
2,107,1192,1,5.0,0.0
2,108,1291,1,5.0,0.0
2,109,1035,1,2.0,0.0
2,110,2068,1,0.0,5.0
2,111,1164,1,5.0,0.0
2,112,1482,-1,5.0,5.0
2,113,1122,1,2.0,0.0
2,114,1763,1,0.0,0.0
2,115,2008,1,5.0,2.0
2,116,1831,1,0.0,5.0
2,117,2109,-1,2.0,5.0
2,118,1709,1,5.0,5.0
2,119,1236,-1,5.0,5.0
2,160,1524,1,0.0,0.0
2,161,1581,1,5.0,5.0
2,162,1901,1,0.0,0.0
2,163,1353,-1,2.0,5.0
2,164,1977,1,2.0,0.0
2,165,2311,-1,5.0,5.0
2,166,4034,1,2.0,0.0
2,167,4496,-1,0.0,5.0
2,168,3360,1,5.0,0.0
2,169,2518,1,0.0,0.0
2,170,2633,-1,5.0,0.0
2,171,1823,-1,0.0,0.0
2,172,1877,-1,2.0,5.0
2,173,1594,-1,0.0,0.0
2,174,1612,-1,2.0,5.0
2,175,1802,-1,0.0,5.0
2,176,1411,-1,0.0,5.0
2,177,1388,-1,0.0,5.0
2,178,1358,1,0.0,2.0
2,179,1781,-1,5.0,0.0
2,180,1297,-1,5.0,5.0
2,181,1113,-1,0.0,5.0
2,182,2545,-1,5.0,0.0
2,183,1569,-1,2.0,0.0
2,184,2018,-1,5.0,5.0
2,185,1145,1,5.0,0.0
2,186,1527,-1,0.0,2.0
2,187,1212,1,5.0,5.0
2,188,1160,1,5.0,5.0
2,189,1098,1,5.0,5.0
2,190,1057,-1,0.0,5.0
2,191,838,1,5.0,0.0
2,192,1373,-1,5.0,5.0
2,193,1476,-1,0.0,2.0
2,194,1187,-1,0.0,5.0
2,195,1047,1,2.0,5.0
2,196,1063,1,5.0,0.0
2,197,861,-1,2.0,2.0
2,198,1220,-1,0.0,2.0
2,199,757,1,5.0,0.0
3,0,4203,-1,2.0,4.0
3,1,4734,1,4.0,3.0
3,2,4187,-1,2.0,4.0
3,3,2945,-1,1.0,1.0
3,4,3554,1,4.0,2.0
3,5,5791,1,2.0,2.0
3,6,630,-1,2.0,3.0
3,7,3815,-1,2.0,3.0
3,8,5328,1,2.0,1.0
3,9,6404,-1,4.0,3.0
3,10,2052,-1,1.0,4.0
3,11,5112,1,3.0,3.0
3,12,2769,-1,3.0,4.0
3,13,3526,-1,4.0,3.0
3,14,6337,1,3.0,2.0
3,15,2655,-1,2.0,4.0
3,16,2385,1,2.0,2.0
3,17,1899,1,2.0,2.0
3,18,2165,1,2.0,1.0
3,19,2011,1,2.0,1.0
3,20,4543,1,1.0,1.0
3,21,3104,-1,2.0,4.0
3,22,3357,1,2.0,1.0
3,23,2669,-1,1.0,3.0
3,24,3132,1,2.0,1.0
3,25,8554,1,2.0,2.0
3,26,4247,-1,4.0,4.0
3,27,4917,-1,2.0,3.0
3,28,5040,1,2.0,2.0
3,29,2385,1,4.0,1.0
3,30,2413,-1,2.0,3.0
3,31,2459,-1,2.0,4.0
3,32,4277,-1,3.0,2.0
3,33,3671,1,1.0,2.0
3,34,1866,1,4.0,1.0
3,35,2340,-1,2.0,2.0
3,36,4751,-1,1.0,4.0
3,37,5185,1,1.0,1.0
3,38,2073,1,3.0,1.0
3,39,2031,-1,1.0,3.0
3,80,1964,-1,3.0,3.0
3,81,2323,1,3.0,1.0
3,82,2812,1,3.0,2.0
3,83,2225,-1,1.0,1.0
3,84,1786,1,3.0,2.0
3,85,1676,-1,2.0,1.0
3,86,2207,-1,1.0,2.0
3,87,1493,-1,1.0,2.0
3,88,5068,1,3.0,2.0
3,89,3112,1,3.0,4.0
3,90,4139,1,2.0,3.0
3,91,2312,1,4.0,2.0
3,92,2852,-1,1.0,2.0
3,93,3026,1,3.0,4.0
3,94,3254,-1,2.0,4.0
3,95,2383,-1,1.0,3.0
3,96,2269,1,4.0,1.0
3,97,1511,-1,1.0,4.0
3,98,14774,-1,3.0,3.0
3,99,2133,1,3.0,1.0
3,100,3904,1,4.0,2.0
3,101,3875,-1,2.0,2.0
3,102,2880,-1,1.0,2.0
3,103,1806,-1,1.0,2.0
3,104,2263,-1,2.0,4.0
3,105,7731,1,4.0,2.0
3,106,3051,-1,2.0,3.0
3,107,2542,-1,2.0,4.0
3,108,3003,1,4.0,2.0
3,109,2876,1,4.0,4.0
3,110,1992,1,2.0,2.0
3,111,2447,-1,2.0,2.0
3,112,4018,-1,1.0,4.0
3,113,3263,1,2.0,3.0
3,114,2281,-1,1.0,1.0
3,115,6951,-1,2.0,2.0
3,116,3526,1,3.0,2.0
3,117,2094,1,4.0,2.0
3,118,3462,-1,4.0,4.0
3,119,1916,1,2.0,3.0
3,160,4374,-1,3.0,2.0
3,161,1255,1,1.0,4.0
3,162,2214,1,2.0,1.0
3,163,1485,1,4.0,1.0
3,164,1662,1,2.0,1.0
3,165,1511,-1,2.0,3.0
3,166,2811,-1,3.0,4.0
3,167,2105,1,4.0,1.0
3,168,1197,-1,1.0,3.0
3,169,1095,-1,1.0,2.0
3,170,2910,-1,3.0,2.0
3,171,430,-1,1.0,2.0
3,172,2373,1,4.0,1.0
3,173,1275,-1,2.0,4.0
3,174,2077,-1,2.0,2.0
3,175,4286,1,4.0,2.0
3,176,3626,-1,4.0,4.0
3,177,2098,-1,4.0,4.0
3,178,2018,-1,2.0,2.0
3,179,2155,-1,2.0,2.0
3,180,1312,-1,1.0,4.0
3,181,2025,-1,1.0,1.0
3,182,2711,-1,2.0,1.0
3,183,1879,1,1.0,2.0
3,184,2481,1,4.0,2.0
3,185,1066,-1,3.0,2.0
3,186,1863,1,4.0,3.0
3,187,6252,-1,2.0,2.0
3,188,1516,1,2.0,2.0
3,189,1693,-1,1.0,3.0
3,190,1415,1,4.0,2.0
3,191,1477,1,3.0,1.0
3,192,1115,-1,2.0,2.0
3,193,2117,-1,2.0,4.0
3,194,3668,1,3.0,1.0
3,195,1212,1,3.0,3.0
3,196,1658,1,4.0,2.0
3,197,1081,-1,2.0,2.0
3,198,1605,1,2.0,2.0
3,199,2735,1,4.0,4.0
4,0,4777,-1,0.0,3.0
4,1,7090,-1,1.0,3.0
4,2,4338,1,4.0,1.0
4,3,11097,-1,3.0,3.0
4,4,5289,-1,3.0,3.0
4,5,3754,1,3.0,2.0
4,6,3146,-1,1.0,3.0
4,7,2635,1,5.0,4.0
4,8,3422,-1,0.0,2.0
4,9,9677,1,5.0,3.0
4,10,2342,-1,0.0,1.0
4,11,2643,1,4.0,2.0
4,12,2593,-1,3.0,4.0
4,13,2975,-1,0.0,1.0
4,14,3094,-1,3.0,3.0
4,15,2419,1,2.0,0.0
4,16,9847,1,4.0,3.0
4,17,2667,1,3.0,1.0
4,18,2451,1,2.0,0.0
4,19,1832,-1,0.0,1.0
4,20,4519,-1,1.0,3.0
4,21,2357,-1,1.0,3.0
4,22,2320,-1,1.0,3.0
4,23,3029,-1,1.0,4.0
4,24,3476,-1,2.0,5.0
4,25,2531,1,3.0,0.0
4,26,4449,-1,3.0,3.0
4,27,2778,1,4.0,0.0
4,28,3198,1,4.0,0.0
4,29,2604,1,3.0,0.0
4,30,1736,-1,0.0,4.0
4,31,1528,-1,0.0,3.0
4,32,7987,-1,0.0,0.0
4,33,1808,-1,1.0,2.0
4,34,7586,1,3.0,3.0
4,35,2152,1,3.0,0.0
4,36,5162,1,3.0,4.0
4,37,4705,1,3.0,1.0
4,38,8093,-1,3.0,5.0
4,39,8516,-1,1.0,3.0
4,80,8523,1,4.0,3.0
4,81,2491,1,3.0,1.0
4,82,2304,-1,0.0,2.0
4,83,2587,1,4.0,1.0
4,84,2710,1,5.0,2.0
4,85,4325,1,2.0,1.0
4,86,2295,1,2.0,1.0
4,87,2445,-1,3.0,2.0
4,88,3839,1,4.0,3.0
4,89,2748,1,4.0,1.0
4,90,2838,1,2.0,2.0
4,91,5352,1,4.0,5.0
4,92,3472,-1,2.0,4.0
4,93,1811,-1,3.0,3.0
4,94,3039,1,2.0,0.0
4,95,2841,1,1.0,1.0
4,96,11103,1,3.0,1.0
4,97,1573,-1,2.0,5.0
4,98,1916,1,4.0,0.0
4,99,3020,1,1.0,0.0
4,100,3972,1,5.0,3.0
4,101,3019,-1,3.0,3.0
4,102,6740,1,2.0,3.0
4,103,2329,1,3.0,3.0
4,104,4697,-1,3.0,5.0
4,105,6004,-1,1.0,3.0
4,106,2018,1,3.0,0.0
4,107,2470,1,1.0,4.0
4,108,2635,1,4.0,4.0
4,109,1999,1,3.0,1.0
4,110,3486,-1,2.0,3.0
4,111,1772,1,3.0,3.0
4,112,3926,1,3.0,1.0
4,113,2001,-1,0.0,3.0
4,114,2195,-1,4.0,5.0
4,115,2002,-1,0.0,4.0
4,116,1932,1,1.0,0.0
4,117,2868,1,2.0,5.0
4,118,2314,-1,1.0,2.0
4,119,2149,1,3.0,4.0
4,160,4482,1,1.0,2.0
4,161,2049,1,2.0,3.0
4,162,2621,-1,3.0,2.0
4,163,3313,-1,3.0,3.0
4,164,1616,-1,4.0,3.0
4,165,1869,1,5.0,2.0
4,166,4355,1,3.0,1.0
4,167,1976,-1,1.0,3.0
4,168,1653,-1,1.0,3.0
4,169,2198,-1,2.0,4.0
4,170,1692,1,3.0,1.0
4,171,1836,-1,0.0,3.0
4,172,1472,1,3.0,3.0
4,173,4448,1,5.0,2.0
4,174,1249,-1,1.0,4.0
4,175,5278,-1,2.0,2.0
4,176,2021,-1,0.0,3.0
4,177,7385,1,3.0,3.0
4,178,2576,-1,4.0,3.0
4,179,1866,1,2.0,1.0
4,180,4400,1,3.0,3.0
4,181,1694,1,1.0,0.0
4,182,2222,1,5.0,4.0
4,183,1475,-1,1.0,4.0
4,184,4503,-1,3.0,4.0
4,185,1636,1,2.0,1.0
4,186,1509,-1,0.0,2.0
4,187,1361,-1,4.0,1.0
4,188,1715,-1,1.0,1.0
4,189,2088,1,4.0,2.0
4,190,1992,1,3.0,1.0
4,191,2412,1,5.0,2.0
4,192,2200,1,3.0,0.0
4,193,3664,-1,2.0,5.0
4,194,9602,1,4.0,4.0
4,195,2676,-1,3.0,4.0
4,196,1788,1,0.0,0.0
4,197,1656,-1,0.0,4.0
4,198,1366,-1,1.0,2.0
4,199,3515,-1,3.0,3.0
5,0,5222,1,1.0,1.0
5,1,3005,1,5.0,1.0
5,2,4264,-1,1.0,1.0
5,3,3576,-1,4.0,5.0
5,4,4101,1,5.0,5.0
5,5,3769,-1,1.0,5.0
5,6,5630,-1,1.0,1.0
5,7,7975,1,4.0,1.0
5,8,3312,-1,1.0,5.0
5,9,6307,-1,1.0,2.0
5,10,2421,-1,1.0,5.0
5,11,3952,1,5.0,3.0
5,12,3593,-1,1.0,1.0
5,13,2755,1,5.0,1.0
5,14,2761,1,2.0,1.0
5,15,2862,-1,3.0,5.0
5,16,3387,1,1.0,1.0
5,17,7527,-1,4.0,5.0
5,18,2628,-1,1.0,1.0
5,19,2234,-1,1.0,1.0
5,20,7720,-1,4.0,5.0
5,21,2831,-1,1.0,5.0
5,22,9213,1,1.0,1.0
5,23,2965,-1,1.0,5.0
5,24,2774,1,1.0,1.0
5,25,5143,-1,1.0,1.0
5,26,2852,-1,1.0,5.0
5,27,4989,-1,1.0,4.0
5,28,3957,1,4.0,1.0
5,29,2622,-1,1.0,5.0
5,30,3354,1,5.0,1.0
5,31,1733,1,5.0,1.0
5,32,3966,-1,1.0,1.0
5,33,5645,-1,1.0,1.0
5,34,7195,-1,1.0,1.0
5,35,1676,1,5.0,1.0
5,36,1211,1,5.0,4.0
5,37,1440,1,1.0,1.0
5,38,3679,-1,1.0,2.0
5,39,2146,-1,1.0,1.0
5,80,2987,1,1.0,1.0
5,81,1400,1,1.0,1.0
5,82,1921,1,1.0,1.0
5,83,5268,-1,5.0,5.0
5,84,5303,-1,1.0,5.0
5,85,1447,1,5.0,1.0
5,86,1275,-1,1.0,4.0
5,87,2740,-1,1.0,2.0
5,88,1491,1,1.0,1.0
5,89,1521,-1,4.0,5.0
5,90,1373,-1,1.0,1.0
5,91,1781,1,4.0,1.0
5,92,2364,1,5.0,1.0
5,93,3183,1,5.0,4.0
5,94,2299,1,1.0,1.0
5,95,1407,1,5.0,1.0
5,96,1452,1,5.0,3.0
5,97,1164,-1,1.0,5.0
5,98,2983,1,3.0,1.0
5,99,1923,1,1.0,1.0
5,100,876,-1,1.0,5.0
5,101,2857,1,1.0,1.0
5,102,2844,1,1.0,1.0
5,103,2683,1,5.0,1.0
5,104,1196,1,1.0,1.0
5,105,1227,-1,1.0,1.0
5,106,1266,1,5.0,1.0
5,107,1336,1,5.0,1.0
5,108,2497,1,5.0,1.0
5,109,1481,1,5.0,1.0
5,110,2890,-1,3.0,1.0
5,111,1645,-1,1.0,5.0
5,112,1103,1,2.0,1.0
5,113,2478,1,1.0,1.0
5,114,1333,-1,1.0,5.0
5,115,1416,1,1.0,1.0
5,116,1183,-1,1.0,4.0
5,117,2441,-1,1.0,1.0
5,118,1500,-1,1.0,2.0
5,119,1450,-1,1.0,5.0
5,160,1562,-1,1.0,5.0
5,161,1767,-1,1.0,1.0
5,162,888,-1,1.0,5.0
5,163,1439,1,2.0,1.0
5,164,1676,1,5.0,1.0
5,165,1546,-1,3.0,5.0
5,166,1249,1,5.0,1.0
5,167,1145,1,5.0,1.0
5,168,1512,1,1.0,3.0
5,169,1367,-1,1.0,5.0
5,170,1522,1,5.0,1.0
5,171,1074,1,1.0,1.0
5,172,934,1,5.0,4.0
5,173,1556,-1,1.0,4.0
5,174,1114,-1,1.0,5.0
5,175,1621,-1,1.0,3.0
5,176,2184,-1,1.0,1.0
5,177,1325,1,4.0,1.0
5,178,1246,-1,1.0,1.0
5,179,1597,-1,1.0,1.0
5,180,2734,1,5.0,5.0
5,181,1054,-1,1.0,5.0
5,182,4260,1,2.0,1.0
5,183,1232,-1,1.0,1.0
5,184,1732,-1,1.0,1.0
5,185,843,-1,1.0,5.0
5,186,1250,1,1.0,1.0
5,187,1576,1,1.0,1.0
5,188,1219,-1,5.0,5.0
5,189,1461,-1,1.0,1.0
5,190,2581,-1,1.0,1.0
5,191,985,1,5.0,1.0
5,192,961,1,5.0,1.0
5,193,978,1,5.0,1.0
5,194,4419,-1,1.0,1.0
5,195,1302,-1,1.0,1.0
5,196,1153,1,1.0,1.0
5,197,1033,-1,1.0,5.0
5,198,957,1,5.0,4.0
5,199,1271,1,1.0,1.0
8,0,4573,-1,0.0,2.0
8,1,3339,-1,0.0,3.0
8,2,5410,1,5.0,0.0
8,3,10236,1,2.0,3.0
8,4,5784,-1,0.0,2.0
8,5,3272,1,5.0,0.0
8,6,2593,1,3.0,2.0
8,7,4628,1,5.0,2.0
8,8,2522,1,2.0,0.0
8,9,9605,-1,2.0,3.0
8,10,1583,1,0.0,5.0
8,11,5220,-1,3.0,5.0
8,12,7521,1,2.0,2.0
8,13,2083,-1,0.0,0.0
8,14,3647,-1,5.0,3.0
8,15,2790,-1,0.0,0.0
8,16,4538,-1,5.0,5.0
8,17,2889,-1,0.0,5.0
8,18,4539,1,0.0,3.0
8,19,2411,1,3.0,3.0
8,20,1791,-1,0.0,2.0
8,21,11451,-1,5.0,2.0
8,22,12467,-1,2.0,5.0
8,23,3323,-1,0.0,0.0
8,24,3139,-1,5.0,0.0
8,25,6585,-1,3.0,5.0
8,26,2175,1,5.0,0.0
8,27,9514,1,2.0,5.0
8,28,2883,1,5.0,5.0
8,29,6008,1,5.0,3.0
8,30,2064,1,5.0,0.0
8,31,2596,-1,5.0,2.0
8,32,7987,-1,5.0,5.0
8,33,3846,-1,3.0,5.0
8,34,4457,-1,0.0,5.0
8,35,2606,-1,0.0,3.0
8,36,2338,-1,0.0,2.0
8,37,9804,-1,2.0,3.0
8,38,4005,1,5.0,5.0
8,39,4239,1,3.0,0.0
8,80,2777,1,0.0,0.0
8,81,1763,-1,0.0,5.0
8,82,2346,-1,2.0,3.0
8,83,1407,1,2.0,0.0
8,84,1645,1,5.0,3.0
8,85,2029,1,2.0,0.0
8,86,1395,1,0.0,0.0
8,87,1998,-1,2.0,5.0
8,88,2131,1,3.0,2.0
8,89,2170,-1,0.0,2.0
8,90,2591,-1,5.0,5.0
8,91,2569,-1,0.0,5.0
8,92,2201,1,3.0,5.0
8,93,3203,-1,0.0,0.0
8,94,1679,1,3.0,5.0
8,95,11481,-1,3.0,2.0
8,96,2299,-1,5.0,2.0
8,97,4372,-1,0.0,5.0
8,98,3020,1,5.0,0.0
8,99,2617,-1,3.0,3.0
8,100,2997,1,5.0,3.0
8,101,3094,1,5.0,0.0
8,102,1646,1,5.0,5.0
8,103,2145,-1,0.0,0.0
8,104,1666,1,0.0,3.0
8,105,2162,1,5.0,2.0
8,106,4106,-1,5.0,5.0
8,107,3549,1,2.0,5.0
8,108,2059,1,5.0,5.0
8,109,1836,1,5.0,0.0
8,110,2797,-1,5.0,5.0
8,111,3814,1,2.0,0.0
8,112,1552,1,0.0,5.0
8,113,1761,1,5.0,3.0
8,114,1830,1,3.0,0.0
8,115,4063,-1,0.0,3.0
8,116,2243,1,2.0,5.0
8,117,2007,1,5.0,0.0
8,118,1930,1,2.0,2.0
8,119,1921,1,2.0,0.0
8,160,3888,1,0.0,5.0
8,161,2296,-1,2.0,2.0
8,162,2063,-1,5.0,5.0
8,163,1723,1,5.0,0.0
8,164,1541,-1,2.0,5.0
8,165,1576,-1,0.0,5.0
8,166,1790,1,3.0,0.0
8,167,1449,-1,3.0,2.0
8,168,2175,1,2.0,0.0
8,169,2671,-1,2.0,2.0
8,170,3138,-1,0.0,2.0
8,171,2577,1,5.0,5.0
8,172,1451,1,0.0,0.0
8,173,1971,1,3.0,2.0
8,174,1307,-1,3.0,3.0
8,175,2366,-1,0.0,3.0
8,176,2330,-1,5.0,3.0
8,177,2702,-1,0.0,0.0
8,178,1837,-1,0.0,5.0
8,179,2763,1,5.0,0.0
8,180,1789,-1,3.0,5.0
8,181,2434,1,3.0,3.0
8,182,2746,-1,5.0,2.0
8,183,1398,1,3.0,0.0
8,184,1415,-1,0.0,5.0
8,185,1682,-1,5.0,5.0
8,186,1284,1,5.0,0.0
8,187,2749,-1,3.0,0.0
8,188,1729,1,5.0,0.0
8,189,1498,1,5.0,5.0
8,190,1516,1,0.0,0.0
8,191,1479,-1,2.0,3.0
8,192,2344,1,5.0,3.0
8,193,1706,-1,0.0,5.0
8,194,1624,-1,3.0,5.0
8,195,1659,-1,0.0,2.0
8,196,1798,-1,5.0,5.0
8,197,1976,1,2.0,0.0
8,198,1669,-1,3.0,0.0
8,199,1403,-1,0.0,5.0
9,0,3077,1,1.0,1.0
9,1,2443,-1,0.0,5.0
9,2,3851,-1,1.0,0.0
9,3,1674,-1,0.0,4.0
9,4,4085,1,3.0,3.0
9,5,4310,1,1.0,1.0
9,6,2851,-1,4.0,0.0
9,7,6580,1,1.0,4.0
9,8,2112,-1,4.0,3.0
9,9,3459,1,4.0,4.0
9,10,2083,1,4.0,0.0
9,11,3810,-1,3.0,4.0
9,12,2582,-1,3.0,4.0
9,13,1965,1,1.0,3.0
9,14,2053,1,4.0,5.0
9,15,2075,-1,1.0,1.0
9,16,2327,-1,4.0,4.0
9,17,7299,-1,3.0,3.0
9,18,3499,1,1.0,3.0
9,19,2058,-1,0.0,5.0
9,20,2343,-1,3.0,1.0
9,21,3332,1,4.0,3.0
9,22,5118,1,4.0,1.0
9,23,5818,1,5.0,1.0
9,24,5480,1,1.0,4.0
9,25,2262,1,5.0,1.0
9,26,1885,1,3.0,0.0
9,27,4647,1,0.0,3.0
9,28,2795,1,0.0,3.0
9,29,2391,-1,3.0,3.0
9,30,2132,-1,1.0,3.0
9,31,1753,-1,1.0,4.0
9,32,1565,1,4.0,3.0
9,33,5829,-1,3.0,4.0
9,34,1473,1,4.0,4.0
9,35,2756,-1,4.0,5.0
9,36,9179,1,1.0,4.0
9,37,4856,1,4.0,3.0
9,38,4454,1,1.0,1.0
9,39,3803,-1,1.0,4.0
9,80,3112,1,1.0,1.0
9,81,1836,1,0.0,4.0
9,82,2887,-1,5.0,5.0
9,83,1906,1,5.0,4.0
9,84,2401,-1,1.0,4.0
9,85,3320,1,4.0,1.0
9,86,1803,-1,0.0,0.0
9,87,3124,1,1.0,1.0
9,88,2448,-1,1.0,5.0
9,89,2020,-1,3.0,0.0
9,90,2198,-1,3.0,3.0
9,91,4057,-1,0.0,1.0
9,92,1457,-1,0.0,0.0
9,93,2901,-1,5.0,4.0
9,94,1649,-1,3.0,4.0
9,95,1330,1,4.0,1.0
9,96,3243,1,1.0,3.0
9,97,3476,1,4.0,3.0
9,98,4326,1,4.0,4.0
9,99,1492,1,1.0,4.0
9,100,3291,1,4.0,0.0
9,101,1686,-1,3.0,1.0
9,102,1471,1,5.0,0.0
9,103,1613,-1,3.0,4.0
9,104,1615,1,0.0,1.0
9,105,2575,1,4.0,3.0
9,106,1202,-1,3.0,4.0
9,107,969,1,3.0,4.0
9,108,1993,1,3.0,3.0
9,109,3277,-1,1.0,5.0
9,110,1123,1,4.0,0.0
9,111,3412,1,4.0,1.0
9,112,1591,1,4.0,0.0
9,113,1052,-1,0.0,1.0
9,114,470,1,4.0,1.0
9,115,3046,1,4.0,3.0
9,116,5454,-1,4.0,5.0
9,117,1520,1,4.0,4.0
9,118,1898,-1,4.0,4.0
9,119,2551,1,3.0,1.0
9,160,1843,1,4.0,3.0
9,161,1358,1,5.0,5.0
9,162,2228,1,3.0,4.0
9,163,1717,-1,1.0,3.0
9,164,1157,1,5.0,0.0
9,165,1250,-1,0.0,4.0
9,166,1283,1,1.0,0.0
9,167,1389,1,4.0,0.0
9,168,1805,-1,3.0,4.0
9,169,1956,-1,0.0,3.0
9,170,2259,-1,1.0,1.0
9,171,1560,-1,0.0,4.0
9,172,974,-1,4.0,4.0
9,173,1270,1,4.0,4.0
9,174,1251,-1,0.0,4.0
9,175,1576,-1,1.0,5.0
9,176,1882,1,3.0,1.0
9,177,2316,1,5.0,4.0
9,178,884,-1,0.0,4.0
9,179,1595,-1,4.0,1.0
9,180,2383,-1,4.0,1.0
9,181,1810,1,3.0,3.0
9,182,1526,-1,4.0,4.0
9,183,2161,1,3.0,4.0
9,184,1758,-1,1.0,1.0
9,185,1407,-1,1.0,1.0
9,186,1908,1,4.0,3.0
9,187,3460,-1,1.0,4.0
9,188,1847,1,0.0,0.0
9,189,2685,-1,4.0,4.0
9,190,1692,1,1.0,0.0
9,191,1254,1,0.0,0.0
9,192,1621,-1,4.0,1.0
9,193,1366,-1,4.0,1.0
9,194,1707,-1,3.0,0.0
9,195,1089,1,4.0,3.0
9,196,1351,-1,3.0,1.0
9,197,2537,-1,1.0,1.0
9,198,1559,1,5.0,1.0
9,199,1358,-1,1.0,4.0
10,40,1836,-1,2.0,1.0
10,41,4858,-1,0.0,1.0
10,42,2161,-1,4.0,2.0
10,43,3118,1,2.0,0.0
10,44,3729,-1,0.0,0.0
10,45,4798,-1,2.0,5.0
10,46,2374,1,3.0,2.0
10,47,1682,-1,2.0,1.0
10,48,2076,1,2.0,2.0
10,49,2728,1,3.0,0.0
10,50,4007,-1,1.0,2.0
10,51,1498,-1,1.0,2.0
10,52,1177,-1,3.0,2.0
10,53,1643,1,3.0,1.0
10,54,4121,1,5.0,2.0
10,55,3232,-1,5.0,1.0
10,56,1724,1,2.0,2.0
10,57,3165,1,5.0,0.0
10,58,3505,-1,0.0,5.0
10,59,3333,-1,1.0,2.0
10,60,3004,-1,4.0,5.0
10,61,4601,1,2.0,0.0
10,62,4246,1,5.0,3.0
10,63,3601,-1,0.0,1.0
10,64,5343,-1,1.0,5.0
10,65,2599,1,5.0,3.0
10,66,3480,1,4.0,2.0
10,67,5000,-1,0.0,2.0
10,68,2194,1,1.0,3.0
10,69,5391,1,1.0,1.0
10,70,3898,1,1.0,1.0
10,71,2451,1,5.0,2.0
10,72,5186,1,5.0,5.0
10,73,2889,-1,1.0,2.0
10,74,2113,1,2.0,3.0
10,75,2534,-1,1.0,5.0
10,76,5470,-1,2.0,2.0
10,77,2991,-1,1.0,3.0
10,78,2434,1,1.0,4.0
10,79,2875,-1,5.0,5.0
10,120,2465,-1,1.0,2.0
10,121,2565,-1,2.0,4.0
10,122,3585,-1,0.0,2.0
10,123,3663,1,4.0,0.0
10,124,2049,1,2.0,2.0
10,125,4382,1,5.0,2.0
10,126,2886,-1,2.0,2.0
10,127,3060,-1,2.0,5.0
10,128,2653,-1,1.0,1.0
10,129,4411,-1,2.0,1.0
10,130,3190,1,2.0,3.0
10,131,2469,-1,3.0,1.0
10,132,2123,-1,2.0,5.0
10,133,2445,-1,2.0,1.0
10,134,1773,1,0.0,0.0
10,135,3000,-1,0.0,3.0
10,136,2686,-1,2.0,5.0
10,137,2367,-1,3.0,5.0
10,138,1749,1,3.0,1.0
10,139,3833,1,5.0,5.0
10,140,4784,-1,4.0,3.0
10,141,1730,1,4.0,1.0
10,142,1077,-1,1.0,3.0
10,143,3814,-1,2.0,4.0
10,144,3089,1,5.0,2.0
10,145,1654,1,3.0,5.0
10,146,2117,-1,2.0,2.0
10,147,2244,-1,0.0,5.0
10,148,3364,1,3.0,0.0
10,149,1949,1,1.0,2.0
10,150,2978,-1,2.0,2.0
10,151,1889,1,1.0,0.0
10,152,2417,-1,0.0,2.0
10,153,1857,1,2.0,1.0
10,154,1438,1,2.0,1.0
10,155,5863,1,1.0,5.0
10,156,1513,1,5.0,1.0
10,157,2101,1,1.0,0.0
10,158,2523,-1,2.0,5.0
10,159,2697,1,5.0,0.0
10,200,3219,-1,1.0,4.0
10,201,2174,-1,2.0,1.0
10,202,2025,-1,1.0,2.0
10,203,1955,-1,1.0,5.0
10,204,2076,1,5.0,0.0
10,205,1642,1,2.0,4.0
10,206,2148,1,5.0,2.0
10,207,2053,1,3.0,4.0
10,208,1541,1,5.0,1.0
10,209,2534,-1,5.0,5.0
10,210,1899,-1,2.0,2.0
10,211,2392,-1,0.0,3.0
10,212,3847,1,2.0,1.0
10,213,2619,-1,0.0,4.0
10,214,4180,1,4.0,2.0
10,215,1936,1,5.0,4.0
10,216,4482,1,2.0,1.0
10,217,1610,1,5.0,2.0
10,218,2171,-1,2.0,5.0
10,219,1962,-1,1.0,1.0
10,220,2607,1,1.0,0.0
10,221,2582,-1,1.0,2.0
10,222,2051,-1,5.0,1.0
10,223,1908,1,1.0,2.0
10,224,1922,1,2.0,2.0
10,225,2140,-1,4.0,1.0
10,226,3448,1,2.0,0.0
10,227,2372,1,1.0,2.0
10,228,2207,-1,2.0,2.0
10,229,2572,-1,5.0,3.0
10,230,1473,-1,2.0,2.0
10,231,4593,-1,0.0,5.0
10,232,1610,-1,2.0,3.0
10,233,3948,1,2.0,1.0
10,234,3397,1,2.0,2.0
10,235,2886,-1,0.0,1.0
10,236,2366,-1,3.0,5.0
10,237,1895,-1,3.0,2.0
10,238,5131,-1,2.0,5.0
10,239,3043,1,5.0,2.0
11,40,2507,-1,3.0,4.0
11,41,2134,-1,4.0,1.0
11,42,3104,1,4.0,4.0
11,43,2115,-1,0.0,5.0
11,44,2664,-1,3.0,5.0
11,45,3493,-1,1.0,0.0
11,46,2265,-1,3.0,1.0
11,47,1639,1,5.0,5.0
11,48,1956,1,1.0,1.0
11,49,3777,-1,1.0,3.0
11,50,2185,1,3.0,3.0
11,51,1818,1,5.0,0.0
11,52,2958,1,4.0,2.0
11,53,3672,1,3.0,2.0
11,54,3957,1,4.0,0.0
11,55,1934,-1,0.0,0.0
11,56,2024,1,1.0,5.0
11,57,5394,1,3.0,3.0
11,58,2211,-1,4.0,5.0
11,59,6702,-1,0.0,0.0
11,60,1694,1,5.0,4.0
11,61,2585,1,1.0,1.0
11,62,2005,-1,1.0,4.0
11,63,2527,-1,4.0,2.0
11,64,2909,1,0.0,3.0
11,65,6158,1,4.0,5.0
11,66,5470,-1,0.0,3.0
11,67,3018,1,0.0,4.0
11,68,2168,-1,4.0,1.0
11,69,1622,-1,1.0,3.0
11,70,2725,-1,4.0,4.0
11,71,3982,1,0.0,2.0
11,72,2130,-1,4.0,0.0
11,73,6062,1,3.0,5.0
11,74,2597,-1,5.0,0.0
11,75,3046,1,4.0,3.0
11,76,2818,1,4.0,4.0
11,77,4829,-1,1.0,5.0
11,78,2374,-1,0.0,5.0
11,79,10790,1,1.0,2.0
11,120,2493,-1,5.0,0.0
11,121,3783,-1,4.0,4.0
11,122,2532,1,4.0,1.0
11,123,3582,1,3.0,4.0
11,124,1617,-1,2.0,2.0
11,125,2199,-1,5.0,1.0
11,126,4617,-1,3.0,4.0
11,127,1591,1,4.0,3.0
11,128,1837,1,0.0,4.0
11,129,3655,-1,4.0,3.0
11,130,2680,-1,0.0,5.0
11,131,2675,1,0.0,4.0
11,132,1895,1,5.0,3.0
11,133,3099,-1,4.0,3.0
11,134,5649,-1,1.0,1.0
11,135,1249,1,5.0,0.0
11,136,1810,-1,5.0,5.0
11,137,2423,-1,5.0,3.0
11,138,1467,1,5.0,4.0
11,139,1796,1,1.0,0.0
11,140,2933,1,0.0,1.0
11,141,1836,1,2.0,4.0
11,142,5354,1,1.0,5.0
11,143,3919,1,4.0,5.0
11,144,1549,-1,2.0,3.0
11,145,3875,1,5.0,3.0
11,146,2389,-1,2.0,0.0
11,147,2133,-1,0.0,4.0
11,148,2735,-1,1.0,1.0
11,149,1089,-1,4.0,0.0
11,150,1859,1,0.0,5.0
11,151,2137,1,0.0,0.0
11,152,1893,1,0.0,1.0
11,153,2049,-1,0.0,0.0
11,154,1959,1,1.0,3.0
11,155,2156,-1,0.0,5.0
11,156,3751,-1,4.0,5.0
11,157,3011,1,0.0,0.0
11,158,3907,1,4.0,2.0
11,159,3688,1,3.0,0.0
11,200,2351,-1,5.0,3.0
11,201,1648,1,0.0,0.0
11,202,1913,1,5.0,0.0
11,203,1880,-1,3.0,0.0
11,204,8454,1,2.0,4.0
11,205,1583,1,1.0,4.0
11,206,3631,1,5.0,4.0
11,207,2197,-1,4.0,0.0
11,208,2222,-1,1.0,4.0
11,209,1789,1,0.0,5.0
11,210,3738,-1,0.0,3.0
11,211,2183,1,5.0,0.0
11,212,2075,-1,1.0,0.0
11,213,1883,-1,4.0,5.0
11,214,1403,1,3.0,1.0
11,215,2909,-1,0.0,4.0
11,216,1189,-1,4.0,4.0
11,217,1220,1,1.0,1.0
11,218,1507,1,1.0,4.0
11,219,1428,1,3.0,4.0
11,220,1689,1,3.0,4.0
11,221,2218,-1,3.0,5.0
11,222,4202,1,3.0,1.0
11,223,2067,-1,3.0,3.0
11,224,7225,-1,5.0,4.0
11,225,2522,-1,5.0,1.0
11,226,2408,-1,0.0,1.0
11,227,1628,1,2.0,2.0
11,228,2775,-1,1.0,1.0
11,229,2350,-1,5.0,4.0
11,230,1686,1,3.0,0.0
11,231,3420,-1,4.0,3.0
11,232,6061,-1,3.0,5.0
11,233,2435,-1,3.0,3.0
11,234,3465,1,2.0,4.0
11,235,2452,-1,5.0,1.0
11,236,1619,1,4.0,1.0
11,237,4774,-1,4.0,0.0
11,238,4797,1,2.0,1.0
11,239,2442,1,4.0,4.0
12,40,3814,1,4.0,1.0
12,41,3772,-1,1.0,0.0
12,42,2437,1,2.0,1.0
12,43,4887,-1,1.0,0.0
12,44,2871,1,3.0,2.0
12,45,3340,1,0.0,0.0
12,46,2786,-1,0.0,2.0
12,47,2839,-1,2.0,5.0
12,48,1985,-1,1.0,5.0
12,49,2034,-1,2.0,3.0
12,50,2185,-1,2.0,5.0
12,51,5349,-1,1.0,2.0
12,52,2601,-1,2.0,4.0
12,53,3060,-1,4.0,5.0
12,54,3909,1,5.0,2.0
12,55,3604,1,5.0,2.0
12,56,3990,1,2.0,2.0
12,57,2063,1,4.0,1.0
12,58,5749,-1,2.0,2.0
12,59,2127,1,2.0,2.0
12,60,1975,1,2.0,1.0
12,61,5517,1,5.0,4.0
12,62,1876,1,5.0,3.0
12,63,1907,-1,0.0,2.0
12,64,1914,1,3.0,0.0
12,65,1945,-1,5.0,5.0
12,66,1899,1,2.0,0.0
12,67,2048,-1,2.0,5.0
12,68,1536,-1,0.0,2.0
12,69,1781,1,5.0,0.0
12,70,1413,1,2.0,1.0
12,71,2923,-1,1.0,3.0
12,72,6754,1,3.0,2.0
12,73,1704,-1,0.0,1.0
12,74,5374,1,5.0,2.0
12,75,5338,1,5.0,2.0
12,76,5539,-1,2.0,2.0
12,77,1817,-1,0.0,2.0
12,78,2192,-1,1.0,2.0
12,79,2392,-1,2.0,2.0
12,120,3952,1,4.0,5.0
12,121,1624,-1,3.0,2.0
12,122,1675,-1,3.0,2.0
12,123,1420,1,0.0,5.0
12,124,2088,-1,2.0,0.0
12,125,1738,-1,2.0,0.0
12,126,2548,-1,5.0,5.0
12,127,3065,-1,4.0,3.0
12,128,1321,1,2.0,2.0
12,129,1476,1,0.0,5.0
12,130,1372,1,1.0,2.0
12,131,2000,-1,5.0,2.0
12,132,1298,-1,2.0,0.0
12,133,1903,-1,5.0,2.0
12,134,1905,1,0.0,5.0
12,135,1804,1,2.0,3.0
12,136,1796,-1,2.0,1.0
12,137,1958,1,0.0,2.0
12,138,1995,-1,2.0,2.0
12,139,1938,-1,0.0,1.0
12,140,1798,1,1.0,4.0
12,141,1395,1,0.0,0.0
12,142,1415,1,0.0,5.0
12,143,2794,1,2.0,5.0
12,144,677,-1,1.0,2.0
12,145,2103,1,2.0,5.0
12,146,1777,-1,2.0,1.0
12,147,6047,-1,2.0,1.0
12,148,2316,1,2.0,3.0
12,149,2108,-1,4.0,2.0
12,150,2569,-1,4.0,2.0
12,151,2056,-1,2.0,2.0
12,152,1548,1,3.0,5.0
12,153,1501,1,0.0,0.0
12,154,1038,-1,2.0,0.0
12,155,1620,1,2.0,5.0
12,156,2522,-1,2.0,2.0
12,157,1519,-1,2.0,0.0
12,158,4272,1,2.0,3.0
12,159,1132,-1,5.0,2.0
12,200,2341,1,5.0,5.0
12,201,1387,1,5.0,0.0
12,202,3092,-1,0.0,3.0
12,203,2529,-1,2.0,2.0
12,204,1431,-1,0.0,2.0
12,205,1272,1,1.0,0.0
12,206,1545,1,5.0,0.0
12,207,2115,-1,2.0,5.0
12,208,1489,1,5.0,0.0
12,209,2337,-1,1.0,4.0
12,210,5734,1,0.0,2.0
12,211,1360,1,2.0,1.0
12,212,1586,1,3.0,1.0
12,213,1674,-1,1.0,2.0
12,214,1752,-1,0.0,5.0
12,215,1820,-1,2.0,5.0
12,216,1977,1,0.0,0.0
12,217,1517,1,3.0,2.0
12,218,1998,-1,5.0,5.0
12,219,2126,-1,1.0,2.0
12,220,1709,-1,2.0,5.0
12,221,2013,-1,2.0,3.0
12,222,2873,1,2.0,1.0
12,223,5345,-1,0.0,1.0
12,224,1652,1,5.0,2.0
12,225,1959,-1,1.0,2.0
12,226,1481,-1,2.0,4.0
12,227,1497,1,5.0,0.0
12,228,2102,1,3.0,2.0
12,229,1171,1,5.0,1.0
12,230,1670,-1,1.0,4.0
12,231,1854,-1,2.0,2.0
12,232,1275,1,4.0,1.0
12,233,3400,1,5.0,2.0
12,234,6826,1,5.0,4.0
12,235,3907,-1,3.0,4.0
12,236,1393,1,2.0,0.0
12,237,3952,1,2.0,2.0
12,238,1515,-1,2.0,3.0
12,239,1843,-1,1.0,2.0
13,40,2956,-1,0.0,1.0
13,41,2454,1,4.0,2.0
13,42,3689,1,2.0,0.0
13,43,3204,-1,3.0,3.0
13,44,2595,-1,5.0,4.0
13,45,2382,1,3.0,0.0
13,46,3263,-1,3.0,3.0
13,47,2722,1,2.0,5.0
13,48,4175,1,4.0,0.0
13,49,5743,1,0.0,0.0
13,50,3413,1,3.0,5.0
13,51,2708,1,1.0,1.0
13,52,3229,-1,0.0,5.0
13,53,2054,1,3.0,0.0
13,54,2506,1,2.0,2.0
13,55,4890,1,3.0,1.0
13,56,3795,-1,3.0,3.0
13,57,2899,-1,3.0,2.0
13,58,3657,-1,4.0,5.0
13,59,2598,1,4.0,3.0
13,60,6073,-1,3.0,0.0
13,61,5231,-1,1.0,5.0
13,62,2200,1,3.0,4.0
13,63,4621,1,1.0,4.0
13,64,1960,-1,3.0,4.0
13,65,7929,1,4.0,4.0
13,66,2436,-1,2.0,5.0
13,67,2712,-1,0.0,4.0
13,68,4729,-1,4.0,3.0
13,69,5774,1,1.0,1.0
13,70,2578,-1,3.0,3.0
13,71,3228,-1,2.0,3.0
13,72,2676,-1,3.0,1.0
13,73,5374,-1,5.0,4.0
13,74,2111,-1,0.0,3.0
13,75,4374,-1,3.0,5.0
13,76,2281,1,4.0,3.0
13,77,2216,-1,4.0,2.0
13,78,3987,1,0.0,4.0
13,79,938,-1,4.0,3.0
13,120,3506,-1,0.0,3.0
13,121,3359,1,3.0,2.0
13,122,1600,1,4.0,4.0
13,123,1479,-1,0.0,3.0
13,124,2993,-1,3.0,3.0
13,125,1505,-1,5.0,0.0
13,126,1567,1,0.0,5.0
13,127,3992,1,4.0,1.0
13,128,2794,-1,1.0,4.0
13,129,1367,-1,0.0,0.0
13,130,2336,-1,4.0,4.0
13,131,1558,1,3.0,3.0
13,132,1423,-1,3.0,4.0
13,133,4600,1,3.0,4.0
13,134,2577,-1,2.0,4.0
13,135,1729,1,4.0,0.0
13,136,2359,-1,4.0,0.0
13,137,4380,-1,3.0,2.0
13,138,3733,-1,1.0,3.0
13,139,2880,-1,2.0,0.0
13,140,1793,1,5.0,3.0
13,141,4008,-1,1.0,2.0
13,142,2158,-1,2.0,3.0
13,143,1844,1,3.0,4.0
13,144,2946,1,5.0,1.0
13,145,5357,1,4.0,3.0
13,146,2331,1,2.0,4.0
13,147,2172,-1,0.0,2.0
13,148,3082,1,5.0,3.0
13,149,3827,1,4.0,0.0
13,150,4098,1,4.0,4.0
13,151,2352,1,2.0,3.0
13,152,3917,-1,0.0,3.0
13,153,3000,1,0.0,2.0
13,154,1635,1,5.0,2.0
13,155,1775,-1,2.0,5.0
13,156,2295,1,3.0,0.0
13,157,3827,1,5.0,3.0
13,158,2962,1,2.0,3.0
13,159,1977,-1,3.0,2.0
13,200,3624,-1,3.0,0.0
13,201,2872,1,4.0,5.0
13,202,1663,1,4.0,1.0
13,203,2138,1,5.0,0.0
13,204,3166,1,4.0,1.0
13,205,2659,-1,2.0,3.0
13,206,1862,1,4.0,3.0
13,207,2777,1,1.0,0.0
13,208,4617,1,5.0,4.0
13,209,3374,-1,3.0,3.0
13,210,2568,-1,2.0,2.0
13,211,2761,1,2.0,0.0
13,212,3259,1,3.0,4.0
13,213,2754,-1,4.0,3.0
13,214,2407,-1,0.0,3.0
13,215,4312,1,2.0,1.0
13,216,3624,-1,2.0,4.0
13,217,3939,-1,0.0,2.0
13,218,2407,1,1.0,1.0
13,219,1780,-1,0.0,4.0
13,220,2525,-1,4.0,4.0
13,221,1833,-1,3.0,4.0
13,222,3869,-1,4.0,4.0
13,223,1386,-1,0.0,3.0
13,224,2312,1,3.0,5.0
13,225,2880,1,5.0,2.0
13,226,2177,1,2.0,3.0
13,227,3649,1,3.0,3.0
13,228,1952,1,4.0,2.0
13,229,3193,1,1.0,4.0
13,230,2475,-1,0.0,4.0
13,231,2149,1,3.0,3.0
13,232,1594,-1,1.0,1.0
13,233,2011,1,1.0,3.0
13,234,1903,1,3.0,0.0
13,235,2093,-1,3.0,2.0
13,236,1776,1,3.0,3.0
13,237,2006,1,4.0,5.0
13,238,3972,1,3.0,2.0
13,239,2425,-1,5.0,2.0
14,40,1693,-1,1.0,2.0
14,41,3529,-1,4.0,5.0
14,42,3619,1,2.0,2.0
14,43,4619,-1,4.0,2.0
14,44,2557,-1,2.0,1.0
14,45,2870,1,4.0,2.0
14,46,2978,1,2.0,3.0
14,47,4036,1,2.0,1.0
14,48,2904,1,2.0,1.0
14,49,4174,-1,3.0,5.0
14,50,3539,1,4.0,2.0
14,51,1795,1,2.0,3.0
14,52,5726,-1,5.0,5.0
14,53,5765,-1,2.0,2.0
14,54,1930,-1,1.0,5.0
14,55,3574,1,5.0,2.0
14,56,2206,1,4.0,3.0
14,57,1649,1,2.0,3.0
14,58,5114,-1,2.0,2.0
14,59,2477,-1,2.0,2.0
14,60,1941,-1,1.0,1.0
14,61,2183,1,1.0,1.0
14,62,2862,-1,1.0,1.0
14,63,3906,-1,2.0,2.0
14,64,2611,-1,1.0,2.0
14,65,3938,-1,1.0,4.0
14,66,1922,-1,0.0,4.0
14,67,2064,-1,1.0,1.0
14,68,1826,1,2.0,1.0
14,69,1756,1,2.0,1.0
14,70,3119,1,5.0,1.0
14,71,1499,1,1.0,0.0
14,72,2139,1,2.0,1.0
14,73,4705,-1,2.0,5.0
14,74,8860,1,4.0,1.0
14,75,4205,1,1.0,1.0
14,76,2712,1,5.0,2.0
14,77,2958,1,1.0,1.0
14,78,2525,-1,2.0,5.0
14,79,1843,1,5.0,1.0
14,120,3632,-1,2.0,5.0
14,121,6941,1,2.0,1.0
14,122,2011,1,2.0,1.0
14,123,1769,1,1.0,0.0
14,124,2308,-1,1.0,4.0
14,125,3892,1,2.0,2.0
14,126,2113,1,4.0,1.0
14,127,2016,-1,1.0,5.0
14,128,4951,-1,4.0,5.0
14,129,1684,-1,3.0,4.0
14,130,2001,-1,1.0,5.0
14,131,1248,-1,1.0,1.0
14,132,5374,-1,2.0,5.0
14,133,1743,-1,1.0,2.0
14,134,1945,1,2.0,1.0
14,135,1487,-1,0.0,1.0
14,136,2217,-1,2.0,2.0
14,137,4695,-1,4.0,5.0
14,138,2110,1,5.0,2.0
14,139,2154,-1,1.0,2.0
14,140,1943,1,4.0,1.0
14,141,2061,-1,1.0,1.0
14,142,1499,1,4.0,0.0
14,143,2608,-1,2.0,2.0
14,144,1623,1,2.0,2.0
14,145,2166,-1,2.0,5.0
14,146,1357,-1,1.0,2.0
14,147,1993,1,1.0,1.0
14,148,4362,1,2.0,1.0
14,149,5219,1,2.0,4.0
14,150,3413,-1,3.0,2.0
14,151,1948,-1,0.0,5.0
14,152,2161,-1,2.0,5.0
14,153,3073,1,1.0,4.0
14,154,1729,-1,2.0,4.0
14,155,1759,-1,2.0,4.0
14,156,1803,1,5.0,1.0
14,157,1900,1,5.0,4.0
14,158,3305,1,1.0,2.0
14,159,1989,1,2.0,1.0
14,200,2344,1,4.0,2.0
14,201,1725,1,2.0,1.0
14,202,1856,-1,2.0,5.0
14,203,3411,-1,5.0,2.0
14,204,2067,1,2.0,3.0
14,205,2129,-1,2.0,2.0
14,206,1049,-1,1.0,4.0
14,207,2041,1,2.0,2.0
14,208,1292,-1,3.0,2.0
14,209,2487,-1,5.0,4.0
14,210,1552,-1,2.0,1.0
14,211,1845,-1,1.0,2.0
14,212,3187,1,3.0,2.0
14,213,3557,-1,1.0,5.0
14,214,2602,-1,1.0,2.0
14,215,1066,-1,1.0,2.0
14,216,1805,1,1.0,1.0
14,217,3007,-1,5.0,1.0
14,218,2244,-1,5.0,5.0
14,219,1962,1,5.0,0.0
14,220,2514,-1,1.0,2.0
14,221,2807,1,2.0,2.0
14,222,1584,-1,0.0,1.0
14,223,2683,1,5.0,2.0
14,224,2122,1,1.0,2.0
14,225,2227,-1,5.0,2.0
14,226,2900,-1,2.0,4.0
14,227,2616,1,5.0,3.0
14,228,2494,-1,1.0,1.0
14,229,1692,1,5.0,2.0
14,230,3233,-1,4.0,1.0
14,231,2537,1,4.0,1.0
14,232,2545,-1,1.0,1.0
14,233,1535,-1,1.0,2.0
14,234,2267,1,2.0,2.0
14,235,1963,-1,1.0,4.0
14,236,1907,1,2.0,2.0
14,237,1731,1,5.0,4.0
14,238,3364,-1,3.0,2.0
14,239,2139,-1,1.0,2.0
15,40,5231,-1,2.0,5.0
15,41,4462,-1,1.0,3.0
15,42,3251,-1,2.0,2.0
15,43,2989,1,1.0,1.0
15,44,1436,-1,4.0,4.0
15,45,2317,-1,4.0,1.0
15,46,4848,-1,2.0,2.0
15,47,3389,1,2.0,0.0
15,48,3074,-1,0.0,1.0
15,49,3791,1,4.0,1.0
15,50,3028,-1,1.0,0.0
15,51,3044,-1,0.0,2.0
15,52,2738,-1,5.0,1.0
15,53,1892,1,1.0,4.0
15,54,1817,1,0.0,4.0
15,55,1916,1,2.0,0.0
15,56,1676,-1,4.0,0.0
15,57,2460,1,5.0,4.0
15,58,2758,1,2.0,4.0
15,59,1924,-1,0.0,1.0
15,60,3399,1,4.0,3.0
15,61,2055,1,1.0,2.0
15,62,2383,-1,2.0,1.0
15,63,2015,1,2.0,0.0
15,64,3407,1,1.0,1.0
15,65,2199,1,3.0,1.0
15,66,3073,-1,3.0,3.0
15,67,2721,-1,1.0,5.0
15,68,2562,-1,2.0,5.0
15,69,2099,-1,3.0,2.0
15,70,2332,1,2.0,1.0
15,71,3103,-1,4.0,2.0
15,72,3074,1,5.0,2.0
15,73,3804,-1,4.0,5.0
15,74,1685,-1,1.0,2.0
15,75,747,-1,2.0,4.0
15,76,4899,-1,3.0,0.0
15,77,3078,-1,1.0,2.0
15,78,4006,1,2.0,2.0
15,79,4284,-1,3.0,2.0
15,120,4664,1,1.0,2.0
15,121,2502,1,2.0,1.0
15,122,4981,-1,2.0,5.0
15,123,1723,1,0.0,2.0
15,124,2724,-1,1.0,0.0
15,125,2253,1,4.0,3.0
15,126,1817,-1,2.0,4.0
15,127,1894,1,5.0,5.0
15,128,2026,1,2.0,2.0
15,129,5165,1,2.0,2.0
15,130,4468,-1,3.0,2.0
15,131,2687,-1,4.0,2.0
15,132,1845,1,0.0,2.0
15,133,5522,1,1.0,1.0
15,134,4278,-1,2.0,2.0
15,135,2623,-1,1.0,2.0
15,136,2588,1,5.0,0.0
15,137,2581,1,2.0,2.0
15,138,1601,-1,4.0,4.0
15,139,2664,-1,3.0,2.0
15,140,3320,1,2.0,3.0
15,141,2356,1,5.0,2.0
15,142,3163,-1,3.0,1.0
15,143,2523,-1,4.0,0.0
15,144,1712,-1,1.0,4.0
15,145,3851,-1,4.0,0.0
15,146,3017,-1,1.0,1.0
15,147,11705,-1,2.0,2.0
15,148,1701,-1,0.0,2.0
15,149,4700,-1,0.0,4.0
15,150,2951,1,2.0,1.0
15,151,3977,-1,3.0,4.0
15,152,4255,1,1.0,5.0
15,153,2853,1,5.0,2.0
15,154,3495,1,1.0,3.0
15,155,2910,1,5.0,2.0
15,156,2451,1,2.0,3.0
15,157,1703,1,1.0,2.0
15,158,1608,1,0.0,3.0
15,159,1497,-1,2.0,0.0
15,200,3094,-1,2.0,1.0
15,201,3902,-1,2.0,2.0
15,202,1409,-1,4.0,1.0
15,203,1559,1,1.0,4.0
15,204,1477,-1,2.0,5.0
15,205,3069,1,3.0,1.0
15,206,2134,1,2.0,3.0
15,207,2817,-1,2.0,5.0
15,208,2134,1,3.0,3.0
15,209,1617,1,1.0,0.0
15,210,1461,-1,5.0,2.0
15,211,2339,1,4.0,1.0
15,212,5991,-1,2.0,2.0
15,213,2199,1,2.0,0.0
15,214,2462,1,4.0,5.0
15,215,1067,-1,5.0,5.0
15,216,10287,-1,2.0,5.0
15,217,1925,1,0.0,1.0
15,218,1135,-1,5.0,2.0
15,219,3665,-1,2.0,1.0
15,220,3337,-1,0.0,2.0
15,221,1621,1,2.0,3.0
15,222,4467,-1,2.0,2.0
15,223,1513,-1,1.0,2.0
15,224,2373,1,3.0,4.0
15,225,1853,1,2.0,1.0
15,226,1472,1,1.0,4.0
15,227,6250,1,5.0,1.0
15,228,2147,1,4.0,2.0
15,229,2173,1,2.0,2.0
15,230,1871,-1,1.0,5.0
15,231,2146,-1,0.0,2.0
15,232,3778,-1,0.0,4.0
15,233,1974,1,5.0,1.0
15,234,1914,1,2.0,2.0
15,235,3997,1,2.0,0.0
15,236,1766,1,5.0,4.0
15,237,11609,-1,0.0,5.0
15,238,1188,-1,2.0,2.0
15,239,1682,1,1.0,3.0
16,40,2075,1,4.0,0.0
16,41,7535,1,4.0,2.0
16,42,4586,-1,3.0,4.0
16,43,8661,-1,5.0,5.0
16,44,3957,-1,1.0,5.0
16,45,9202,-1,0.0,4.0
16,46,2922,1,0.0,0.0
16,47,5625,1,4.0,1.0
16,48,4227,1,5.0,0.0
16,49,2575,-1,0.0,5.0
16,50,1625,-1,0.0,1.0
16,51,2323,1,1.0,0.0
16,52,2629,1,5.0,2.0
16,53,5584,-1,4.0,3.0
16,54,1722,-1,0.0,3.0
16,55,4294,-1,1.0,3.0
16,56,3248,1,4.0,1.0
16,57,16464,-1,5.0,4.0
16,58,2965,1,2.0,2.0
16,59,11012,-1,5.0,4.0
16,60,2685,1,1.0,0.0
16,61,2143,-1,0.0,4.0
16,62,3143,1,5.0,3.0
16,63,6030,-1,1.0,2.0
16,64,8023,1,0.0,5.0
16,65,4240,1,5.0,2.0
16,66,10859,1,4.0,1.0
16,67,3170,1,4.0,1.0
16,68,8323,-1,4.0,4.0
16,69,2384,1,1.0,1.0
16,70,5240,1,4.0,3.0
16,71,3112,-1,3.0,1.0
16,72,1838,1,1.0,0.0
16,73,1973,1,4.0,2.0
16,74,1872,1,2.0,0.0
16,75,1676,-1,1.0,5.0
16,76,9760,1,1.0,5.0
16,77,2523,-1,0.0,2.0
16,78,5853,1,1.0,1.0
16,79,9577,-1,5.0,5.0
16,120,5493,1,4.0,5.0
16,121,1823,-1,0.0,5.0
16,122,1629,-1,0.0,5.0
16,123,1205,1,1.0,0.0
16,124,2014,1,5.0,5.0
16,125,3254,-1,1.0,3.0
16,126,1280,-1,1.0,1.0
16,127,1452,-1,3.0,5.0
16,128,1188,-1,0.0,2.0
16,129,1774,-1,0.0,1.0
16,130,1562,-1,0.0,5.0
16,131,2817,1,3.0,2.0
16,132,1970,-1,4.0,5.0
16,133,2120,-1,2.0,4.0
16,134,7061,-1,3.0,4.0
16,135,1895,1,5.0,1.0
16,136,2393,-1,2.0,5.0
16,137,2211,1,2.0,1.0
16,138,2508,-1,0.0,0.0
16,139,2824,-1,3.0,4.0
16,140,1679,1,0.0,2.0
16,141,1131,1,3.0,0.0
16,142,2595,1,5.0,3.0
16,143,3503,-1,5.0,1.0
16,144,1536,-1,0.0,5.0
16,145,2417,1,3.0,1.0
16,146,2395,-1,2.0,5.0
16,147,1125,1,4.0,0.0
16,148,2151,1,1.0,3.0
16,149,1352,-1,0.0,4.0
16,150,8065,1,4.0,4.0
16,151,2867,1,1.0,2.0
16,152,8247,1,1.0,4.0
16,153,2116,-1,0.0,0.0
16,154,1469,1,5.0,1.0
16,155,1653,-1,0.0,1.0
16,156,1432,1,5.0,0.0
16,157,3820,-1,5.0,4.0
16,158,9054,1,3.0,0.0
16,159,4429,1,5.0,2.0
16,200,2832,-1,2.0,5.0
16,201,3220,1,4.0,3.0
16,202,1810,1,5.0,0.0
16,203,1595,-1,0.0,1.0
16,204,1619,-1,5.0,4.0
16,205,1387,1,0.0,0.0
16,206,2547,1,5.0,0.0
16,207,5361,1,4.0,2.0
16,208,2328,1,2.0,0.0
16,209,2485,-1,5.0,0.0
16,210,3548,1,5.0,5.0
16,211,1978,-1,1.0,4.0
16,212,1167,-1,2.0,4.0
16,213,1476,-1,2.0,0.0
16,214,1537,-1,0.0,3.0
16,215,1131,-1,2.0,2.0
16,216,2759,1,4.0,3.0
16,217,2331,1,4.0,0.0
16,218,1456,1,1.0,0.0
16,219,1325,-1,2.0,3.0
16,220,2046,-1,1.0,1.0
16,221,2027,-1,2.0,1.0
16,222,2086,1,3.0,4.0
16,223,1395,1,4.0,0.0
16,224,4194,-1,4.0,5.0
16,225,1504,-1,2.0,5.0
16,226,2114,1,5.0,4.0
16,227,7989,-1,4.0,5.0
16,228,1435,-1,1.0,4.0
16,229,2070,-1,2.0,4.0
16,230,6107,-1,3.0,5.0
16,231,3078,-1,1.0,4.0
16,232,6019,1,2.0,1.0
16,233,1448,-1,0.0,4.0
16,234,1003,-1,0.0,1.0
16,235,3646,1,1.0,2.0
16,236,2271,1,5.0,2.0
16,237,4375,1,4.0,5.0
16,238,2502,1,3.0,1.0
16,239,1612,1,5.0,0.0
18,0,4454,1,5.0,2.0
18,1,4352,-1,1.0,3.0
18,2,11312,1,4.0,5.0
18,3,2681,1,3.0,3.0
18,4,4703,-1,2.0,4.0
18,5,3569,-1,2.0,2.0
18,6,2993,-1,0.0,1.0
18,7,6628,-1,4.0,4.0
18,8,6188,1,3.0,3.0
18,9,2743,1,3.0,2.0
18,10,3464,1,3.0,3.0
18,11,4531,1,4.0,2.0
18,12,3179,1,2.0,0.0
18,13,6067,-1,3.0,4.0
18,14,2480,1,3.0,0.0
18,15,5211,1,3.0,3.0
18,16,3212,1,3.0,1.0
18,17,6119,-1,3.0,4.0
18,18,4090,-1,0.0,0.0
18,19,2879,-1,0.0,3.0
18,20,3324,-1,2.0,4.0
18,21,2039,1,4.0,1.0
18,22,2871,1,3.0,3.0
18,23,2022,-1,1.0,3.0
18,24,3007,-1,2.0,1.0
18,25,3320,1,3.0,2.0
18,26,3913,-1,3.0,5.0
18,27,6028,-1,2.0,2.0
18,28,6379,-1,4.0,3.0
18,29,6732,1,3.0,3.0
18,30,2985,1,4.0,4.0
18,31,4737,1,4.0,3.0
18,32,2744,1,3.0,1.0
18,33,2859,1,3.0,3.0
18,34,3178,-1,0.0,3.0
18,35,1511,-1,0.0,4.0
18,36,2823,-1,1.0,4.0
18,37,4818,1,3.0,4.0
18,38,4708,1,4.0,4.0
18,39,1936,-1,0.0,4.0
18,80,2170,1,3.0,2.0
18,81,1736,1,4.0,3.0
18,82,2153,1,2.0,4.0
18,83,4170,1,2.0,2.0
18,84,2457,1,3.0,2.0
18,85,3468,1,1.0,2.0
18,86,2333,1,3.0,1.0
18,87,8094,-1,4.0,3.0
18,88,2941,1,3.0,2.0
18,89,1930,-1,0.0,3.0
18,90,4255,-1,2.0,3.0
18,91,1913,1,4.0,0.0
18,92,2146,-1,0.0,3.0
18,93,2866,1,4.0,2.0
18,94,2970,1,4.0,2.0
18,95,2564,-1,2.0,3.0
18,96,4977,-1,3.0,3.0
18,97,3595,-1,3.0,4.0
18,98,2714,-1,3.0,4.0
18,99,4681,1,2.0,3.0
18,100,1816,-1,0.0,2.0
18,101,4904,1,3.0,4.0
18,102,1497,-1,1.0,3.0
18,103,2145,-1,0.0,4.0
18,104,2733,1,5.0,3.0
18,105,2456,-1,0.0,3.0
18,106,3759,1,4.0,3.0
18,107,2258,-1,1.0,4.0
18,108,2855,1,4.0,3.0
18,109,1396,1,4.0,1.0
18,110,1838,1,3.0,0.0
18,111,2858,-1,3.0,4.0
18,112,4266,1,4.0,3.0
18,113,3289,1,3.0,1.0
18,114,3512,1,5.0,3.0
18,115,2041,-1,2.0,5.0
18,116,2834,1,1.0,2.0
18,117,7334,1,2.0,1.0
18,118,1898,-1,3.0,3.0
18,119,3118,-1,3.0,3.0
18,160,1887,-1,1.0,3.0
18,161,2600,1,0.0,0.0
18,162,2544,-1,3.0,4.0
18,163,2006,-1,3.0,4.0
18,164,2698,1,2.0,2.0
18,165,3444,-1,3.0,3.0
18,166,4399,-1,2.0,2.0
18,167,3860,1,1.0,3.0
18,168,1932,-1,2.0,4.0
18,169,1409,-1,2.0,3.0
18,170,18545,-1,4.0,4.0
18,171,7308,1,4.0,1.0
18,172,7756,1,3.0,0.0
18,173,5929,1,4.0,2.0
18,174,2317,-1,1.0,4.0
18,175,2980,1,3.0,2.0
18,176,2783,1,3.0,0.0
18,177,2820,1,4.0,3.0
18,178,2438,-1,3.0,3.0
18,179,3368,1,3.0,3.0
18,180,4929,1,4.0,3.0
18,181,7561,-1,4.0,4.0
18,182,5267,1,2.0,2.0
18,183,2097,-1,2.0,4.0
18,184,1957,1,4.0,0.0
18,185,1623,-1,2.0,3.0
18,186,3646,1,3.0,4.0
18,187,3613,-1,3.0,3.0
18,188,2404,-1,2.0,3.0
18,189,2830,1,4.0,2.0
18,190,8251,-1,4.0,3.0
18,191,1878,-1,3.0,5.0
18,192,1775,-1,2.0,1.0
18,193,2765,1,3.0,0.0
18,194,1924,-1,4.0,4.0
18,195,5583,1,5.0,4.0
18,196,4854,1,3.0,1.0
18,197,1734,1,4.0,0.0
18,198,1890,1,1.0,0.0
18,199,2238,-1,1.0,2.0
19,40,2497,1,2.0,3.0
19,41,5320,-1,3.0,4.0
19,42,2496,1,2.0,2.0
19,43,4516,1,2.0,2.0
19,44,2363,1,2.0,2.0
19,45,1699,-1,3.0,2.0
19,46,3480,-1,3.0,2.0
19,47,1940,1,2.0,3.0
19,48,1916,-1,4.0,2.0
19,49,2446,-1,5.0,2.0
19,50,2322,1,2.0,2.0
19,51,2942,-1,2.0,2.0
19,52,2542,1,2.0,5.0
19,53,2003,1,2.0,5.0
19,54,7000,-1,2.0,2.0
19,55,2129,-1,2.0,3.0
19,56,2525,-1,5.0,2.0
19,57,3180,1,2.0,4.0
19,58,3397,1,2.0,2.0
19,59,2932,1,2.0,2.0
19,60,3483,1,3.0,2.0
19,61,2127,-1,2.0,2.0
19,62,2335,1,2.0,5.0
19,63,3477,-1,2.0,2.0
19,64,2070,1,3.0,4.0
19,65,1440,-1,3.0,2.0
19,66,2658,-1,3.0,2.0
19,67,1811,-1,2.0,2.0
19,68,1474,-1,5.0,3.0
19,69,1962,1,2.0,5.0
19,70,2214,-1,2.0,2.0
19,71,1670,-1,4.0,2.0
19,72,5251,-1,4.0,2.0
19,73,1904,1,2.0,4.0
19,74,2916,-1,4.0,2.0
19,75,2067,1,3.0,4.0
19,76,4629,1,2.0,2.0
19,77,1557,-1,2.0,2.0
19,78,2256,1,2.0,2.0
19,79,1809,1,2.0,3.0
19,120,2654,-1,2.0,5.0
19,121,3196,-1,2.0,2.0
19,122,2461,1,2.0,2.0
19,123,5769,1,4.0,4.0
19,124,1913,1,3.0,3.0
19,125,2606,-1,2.0,2.0
19,126,2965,1,5.0,3.0
19,127,1649,-1,3.0,2.0
19,128,5740,-1,2.0,2.0
19,129,4941,1,2.0,2.0
19,130,4544,1,3.0,2.0
19,131,2454,1,2.0,2.0
19,132,4667,-1,2.0,2.0
19,133,2043,1,3.0,2.0
19,134,1644,1,2.0,3.0
19,135,2385,1,3.0,2.0
19,136,1566,-1,2.0,4.0
19,137,2514,-1,2.0,3.0
19,138,2411,-1,3.0,2.0
19,139,2439,1,4.0,3.0
19,140,1917,1,4.0,2.0
19,141,3602,1,3.0,2.0
19,142,5816,-1,2.0,5.0
19,143,3830,-1,2.0,2.0
19,144,2843,-1,2.0,2.0
19,145,2092,1,2.0,3.0
19,146,1786,1,5.0,2.0
19,147,1897,1,4.0,2.0
19,148,5314,-1,2.0,4.0
19,149,1594,-1,2.0,3.0
19,150,2504,-1,2.0,2.0
19,151,1865,1,5.0,2.0
19,152,2905,1,2.0,2.0
19,153,8727,1,4.0,3.0
19,154,1724,1,2.0,2.0
19,155,5087,-1,2.0,3.0
19,156,2575,1,2.0,2.0
19,157,2216,-1,2.0,2.0
19,158,1398,-1,2.0,5.0
19,159,5793,-1,2.0,2.0
19,200,4020,-1,3.0,4.0
19,201,1513,-1,2.0,2.0
19,202,1304,-1,3.0,2.0
19,203,2368,1,4.0,2.0
19,204,1642,1,5.0,2.0
19,205,1489,-1,2.0,3.0
19,206,1794,1,4.0,3.0
19,207,2012,-1,2.0,4.0
19,208,1882,1,3.0,2.0
19,209,2656,1,2.0,2.0
19,210,2675,1,2.0,2.0
19,211,1889,1,2.0,2.0
19,212,1732,1,2.0,3.0
19,213,1888,1,2.0,2.0
19,214,1828,-1,2.0,3.0
19,215,1714,-1,2.0,2.0
19,216,1339,-1,3.0,5.0
19,217,1886,-1,2.0,2.0
19,218,1558,-1,3.0,3.0
19,219,1583,1,5.0,2.0
19,220,1633,-1,2.0,4.0
19,221,2514,1,5.0,2.0
19,222,1934,-1,2.0,2.0
19,223,2258,1,2.0,2.0
19,224,1931,-1,2.0,2.0
19,225,6284,-1,4.0,4.0
19,226,1664,1,3.0,2.0
19,227,5506,-1,2.0,4.0
19,228,3341,-1,2.0,3.0
19,229,1235,-1,3.0,5.0
19,230,1593,1,5.0,2.0
19,231,4282,1,2.0,2.0
19,232,2380,-1,2.0,3.0
19,233,1219,-1,2.0,5.0
19,234,1495,1,4.0,3.0
19,235,1786,1,2.0,2.0
19,236,2240,-1,2.0,2.0
19,237,1783,1,4.0,2.0
19,238,2204,-1,2.0,4.0
19,239,1922,-1,2.0,2.0
20,40,3202,-1,2.0,5.0
20,41,6774,1,5.0,5.0
20,42,1737,-1,0.0,5.0
20,43,1977,-1,0.0,0.0
20,44,4340,1,5.0,0.0
20,45,1853,-1,0.0,0.0
20,46,2154,-1,2.0,5.0
20,47,3933,1,2.0,0.0
20,48,2253,1,4.0,0.0
20,49,5243,-1,0.0,0.0
20,50,3433,-1,0.0,0.0
20,51,2245,-1,0.0,2.0
20,52,1557,1,5.0,0.0
20,53,2176,-1,2.0,2.0
20,54,2211,-1,0.0,5.0
20,55,7038,1,2.0,0.0
20,56,5009,-1,4.0,4.0
20,57,1475,-1,0.0,0.0
20,58,2250,-1,0.0,5.0
20,59,3887,-1,0.0,0.0
20,60,1423,-1,4.0,5.0
20,61,2410,1,0.0,0.0
20,62,4945,1,2.0,5.0
20,63,5351,-1,2.0,0.0
20,64,2387,-1,0.0,2.0
20,65,2937,-1,0.0,5.0
20,66,3483,1,4.0,0.0
20,67,2290,1,4.0,0.0
20,68,2067,-1,2.0,5.0
20,69,2748,1,2.0,0.0
20,70,2044,-1,4.0,5.0
20,71,3660,-1,2.0,5.0
20,72,1384,-1,0.0,4.0
20,73,1821,1,0.0,0.0
20,74,2800,1,5.0,2.0
20,75,2268,1,2.0,0.0
20,76,1727,-1,0.0,2.0
20,77,1781,1,2.0,4.0
20,78,2045,-1,0.0,5.0
20,79,1715,1,4.0,0.0
20,120,3047,1,0.0,2.0
20,121,1796,-1,0.0,4.0
20,122,1575,1,0.0,0.0
20,123,4728,-1,2.0,2.0
20,124,1710,-1,5.0,2.0
20,125,1986,1,5.0,0.0
20,126,2761,1,4.0,2.0
20,127,1843,-1,0.0,0.0
20,128,1576,1,5.0,0.0
20,129,3296,-1,5.0,5.0
20,130,1381,1,0.0,0.0
20,131,1658,-1,2.0,0.0
20,132,2028,-1,0.0,4.0
20,133,2107,1,2.0,0.0
20,134,1469,1,5.0,0.0
20,135,1982,1,0.0,0.0
20,136,1591,1,0.0,0.0
20,137,2348,1,5.0,2.0
20,138,1506,1,2.0,0.0
20,139,1585,-1,0.0,5.0
20,140,1997,-1,2.0,5.0
20,141,1349,-1,0.0,4.0
20,142,2011,1,4.0,4.0
20,143,1726,1,0.0,5.0
20,144,1718,1,5.0,0.0
20,145,2467,-1,0.0,2.0
20,146,2025,1,5.0,0.0
20,147,2975,-1,0.0,2.0
20,148,3665,-1,0.0,2.0
20,149,5711,-1,2.0,0.0
20,150,1827,-1,0.0,0.0
20,151,2697,-1,4.0,5.0
20,152,2819,1,5.0,4.0
20,153,3166,-1,0.0,0.0
20,154,2915,1,0.0,0.0
20,155,2512,-1,0.0,5.0
20,156,1941,1,5.0,4.0
20,157,4040,-1,2.0,5.0
20,158,1901,1,5.0,0.0
20,159,1230,-1,0.0,5.0
20,200,3193,1,0.0,0.0
20,201,1312,1,5.0,2.0
20,202,1659,1,5.0,0.0
20,203,1695,-1,0.0,4.0
20,204,1424,-1,4.0,2.0
20,205,1682,1,0.0,0.0
20,206,1391,-1,0.0,4.0
20,207,2446,-1,0.0,0.0
20,208,1306,-1,0.0,5.0
20,209,1803,1,0.0,0.0
20,210,1783,-1,5.0,5.0
20,211,2232,1,2.0,2.0
20,212,2183,1,5.0,0.0
20,213,2370,1,0.0,5.0
20,214,1935,1,5.0,0.0
20,215,1602,1,5.0,2.0
20,216,1590,1,5.0,0.0
20,217,2116,-1,0.0,5.0
20,218,3692,1,0.0,2.0
20,219,2845,1,0.0,0.0
20,220,2089,1,2.0,2.0
20,221,1893,1,5.0,5.0
20,222,1566,1,5.0,2.0
20,223,2001,-1,0.0,2.0
20,224,1690,-1,0.0,2.0
20,225,1360,-1,4.0,5.0
20,226,4323,1,5.0,4.0
20,227,1986,1,0.0,0.0
20,228,1937,1,5.0,0.0
20,229,2501,1,4.0,0.0
20,230,1366,-1,0.0,2.0
20,231,1967,1,4.0,0.0
20,232,2263,1,0.0,0.0
20,233,2189,1,5.0,4.0
20,234,2452,1,5.0,2.0
20,235,1208,-1,0.0,5.0
20,236,1831,-1,0.0,0.0
20,237,2775,1,2.0,0.0
20,238,3291,-1,2.0,4.0
20,239,1618,1,2.0,0.0
21,40,2368,-1,1.0,3.0
21,41,1790,1,4.0,3.0
21,42,4283,1,2.0,1.0
21,43,1936,-1,3.0,4.0
21,44,2561,1,2.0,2.0
21,45,2634,1,4.0,1.0
21,46,3844,1,3.0,2.0
21,47,2388,-1,3.0,3.0
21,48,2878,-1,1.0,2.0
21,49,2037,-1,1.0,2.0
21,50,3801,-1,4.0,3.0
21,51,1999,-1,4.0,4.0
21,52,1938,-1,2.0,5.0
21,53,1981,-1,1.0,4.0
21,54,2402,1,4.0,1.0
21,55,5550,-1,1.0,3.0
21,56,1902,1,4.0,1.0
21,57,1958,1,1.0,1.0
21,58,1852,-1,2.0,4.0
21,59,1798,1,3.0,1.0
21,60,1519,-1,1.0,2.0
21,61,1506,1,4.0,1.0
21,62,7039,-1,2.0,3.0
21,63,1089,-1,3.0,4.0
21,64,1857,1,1.0,2.0
21,65,1632,1,4.0,2.0
21,66,3229,-1,4.0,4.0
21,67,4503,-1,1.0,4.0
21,68,1549,-1,4.0,4.0
21,69,3358,1,4.0,1.0
21,70,1885,-1,1.0,3.0
21,71,1451,-1,1.0,4.0
21,72,1908,-1,5.0,2.0
21,73,5337,1,4.0,3.0
21,74,8376,1,4.0,2.0
21,75,1847,1,1.0,1.0
21,76,1912,1,4.0,4.0
21,77,4241,-1,1.0,3.0
21,78,3685,1,5.0,5.0
21,79,2400,1,1.0,1.0
21,120,5568,-1,4.0,4.0
21,121,2958,-1,3.0,3.0
21,122,1213,-1,2.0,4.0
21,123,1154,-1,1.0,4.0
21,124,1902,1,1.0,1.0
21,125,2870,1,2.0,1.0
21,126,1571,-1,1.0,3.0
21,127,2710,1,5.0,2.0
21,128,1899,1,3.0,4.0
21,129,6174,-1,3.0,4.0
21,130,3292,1,3.0,1.0
21,131,4194,-1,2.0,4.0
21,132,1566,1,4.0,1.0
21,133,1476,1,3.0,3.0
21,134,1574,1,3.0,2.0
21,135,1800,1,4.0,2.0
21,136,2528,-1,2.0,4.0
21,137,1707,-1,1.0,3.0
21,138,1782,1,4.0,3.0
21,139,2173,1,4.0,4.0
21,140,3800,-1,3.0,4.0
21,141,2914,-1,1.0,4.0
21,142,2171,-1,2.0,1.0
21,143,1574,1,4.0,2.0
21,144,4009,-1,1.0,2.0
21,145,3606,1,3.0,1.0
21,146,2914,-1,1.0,1.0
21,147,1846,1,2.0,5.0
21,148,1973,-1,1.0,2.0
21,149,2145,-1,4.0,4.0
21,150,1151,-1,5.0,5.0
21,151,1638,1,3.0,1.0
21,152,1267,-1,3.0,2.0
21,153,2912,1,2.0,2.0
21,154,2418,1,2.0,2.0
21,155,5234,-1,1.0,4.0
21,156,1538,-1,1.0,4.0
21,157,1373,-1,1.0,2.0
21,158,2162,1,4.0,4.0
21,159,6511,1,4.0,1.0
21,200,2150,1,4.0,2.0
21,201,3372,1,2.0,4.0
21,202,1234,-1,1.0,4.0
21,203,1575,1,4.0,1.0
21,204,1808,1,3.0,1.0
21,205,1146,-1,1.0,3.0
21,206,3977,1,3.0,1.0
21,207,2326,1,4.0,2.0
21,208,5233,1,4.0,3.0
21,209,2181,-1,1.0,2.0
21,210,3934,-1,1.0,4.0
21,211,2216,1,4.0,4.0
21,212,1905,1,4.0,4.0
21,213,5761,-1,1.0,1.0
21,214,5271,1,4.0,4.0
21,215,1283,-1,2.0,4.0
21,216,1724,1,2.0,1.0
21,217,1878,1,4.0,1.0
21,218,1927,1,2.0,1.0
21,219,1833,1,2.0,1.0
21,220,1639,1,2.0,1.0
21,221,1657,1,3.0,1.0
21,222,1261,-1,2.0,2.0
21,223,1807,-1,1.0,1.0
21,224,4477,-1,1.0,1.0
21,225,1119,-1,1.0,4.0
21,226,3391,1,3.0,3.0
21,227,3090,-1,4.0,4.0
21,228,1948,1,4.0,1.0
21,229,3342,-1,4.0,4.0
21,230,2577,1,4.0,3.0
21,231,2612,-1,4.0,4.0
21,232,1751,1,2.0,3.0
21,233,1666,1,2.0,1.0
21,234,7434,-1,2.0,3.0
21,235,2355,1,4.0,2.0
21,236,2085,1,4.0,1.0
21,237,1840,-1,1.0,4.0
21,238,2820,-1,2.0,4.0
21,239,1137,-1,3.0,4.0
22,0,5338,-1,3.0,0.0
22,1,2803,1,0.0,3.0
22,2,3064,-1,0.0,0.0
22,3,2719,1,2.0,0.0
22,4,2056,1,5.0,2.0
22,5,3514,-1,2.0,5.0
22,6,3179,-1,0.0,2.0
22,7,2017,1,5.0,3.0
22,8,4342,-1,5.0,0.0
22,9,5359,-1,0.0,3.0
22,10,6861,-1,2.0,2.0
22,11,5881,1,3.0,3.0
22,12,2890,1,5.0,0.0
22,13,3117,-1,0.0,5.0
22,14,1878,1,5.0,2.0
22,15,2424,1,5.0,0.0
22,16,2592,1,2.0,2.0
22,17,1661,1,0.0,2.0
22,18,2834,-1,3.0,3.0
22,19,3292,1,0.0,0.0
22,20,3419,-1,2.0,0.0
22,21,3702,1,3.0,5.0
22,22,3939,1,2.0,5.0
22,23,4697,1,5.0,0.0
22,24,2220,1,5.0,0.0
22,25,1736,1,0.0,5.0
22,26,3137,1,2.0,0.0
22,27,2002,-1,2.0,0.0
22,28,2642,1,3.0,2.0
22,29,2051,-1,2.0,0.0
22,30,2132,1,2.0,0.0
22,31,2193,-1,0.0,3.0
22,32,1992,-1,2.0,0.0
22,33,2537,-1,2.0,5.0
22,34,1793,-1,5.0,5.0
22,35,2361,-1,3.0,5.0
22,36,1504,-1,5.0,3.0
22,37,2808,1,5.0,5.0
22,38,1775,-1,2.0,5.0
22,39,2204,-1,5.0,3.0
22,80,3660,-1,0.0,2.0
22,81,2284,-1,0.0,0.0
22,82,3655,-1,0.0,5.0
22,83,2916,1,3.0,3.0
22,84,2110,1,3.0,0.0
22,85,2289,-1,0.0,2.0
22,86,2264,1,5.0,5.0
22,87,2187,-1,0.0,5.0
22,88,2346,1,5.0,2.0
22,89,1371,-1,2.0,5.0
22,90,1567,-1,2.0,0.0
22,91,1897,-1,0.0,5.0
22,92,2171,-1,5.0,0.0
22,93,1874,1,0.0,5.0
22,94,2115,-1,2.0,2.0
22,95,2935,1,5.0,2.0
22,96,2699,1,2.0,2.0
22,97,2021,-1,5.0,3.0
22,98,1658,1,5.0,5.0
22,99,1229,1,3.0,2.0
22,100,5232,1,3.0,0.0
22,101,2872,1,5.0,3.0
22,102,1945,1,0.0,0.0
22,103,1719,-1,2.0,2.0
22,104,2302,1,3.0,0.0
22,105,2446,-1,2.0,0.0
22,106,1653,-1,3.0,0.0
22,107,2246,-1,0.0,5.0
22,108,2150,-1,5.0,2.0
22,109,2467,1,5.0,2.0
22,110,2928,1,2.0,0.0
22,111,2289,1,5.0,2.0
22,112,5093,1,0.0,0.0
22,113,2037,1,0.0,0.0
22,114,4740,-1,5.0,2.0
22,115,1870,1,0.0,3.0
22,116,2514,1,0.0,2.0
22,117,1991,1,3.0,3.0
22,118,3302,1,2.0,3.0
22,119,2662,1,3.0,5.0
22,160,2602,1,2.0,5.0
22,161,1765,1,3.0,5.0
22,162,2447,1,2.0,0.0
22,163,1967,1,5.0,2.0
22,164,3668,1,5.0,3.0
22,165,1566,-1,0.0,2.0
22,166,2721,-1,0.0,3.0
22,167,3255,-1,3.0,0.0
22,168,4637,1,0.0,2.0
22,169,2179,-1,5.0,0.0
22,170,1611,1,0.0,2.0
22,171,1688,-1,2.0,3.0
22,172,3619,-1,0.0,0.0
22,173,1787,1,0.0,2.0
22,174,1951,1,0.0,2.0
22,175,2518,1,5.0,0.0
22,176,1448,-1,0.0,5.0
22,177,2122,-1,2.0,5.0
22,178,3579,1,2.0,5.0
22,179,1925,-1,2.0,5.0
22,180,2002,-1,0.0,0.0
22,181,2430,-1,5.0,5.0
22,182,2251,-1,0.0,3.0
22,183,1699,-1,0.0,3.0
22,184,4589,-1,3.0,0.0
22,185,1481,-1,3.0,5.0
22,186,1952,1,0.0,3.0
22,187,1766,-1,2.0,2.0
22,188,1442,-1,2.0,5.0
22,189,2041,1,0.0,5.0
22,190,2617,-1,0.0,0.0
22,191,4101,-1,3.0,5.0
22,192,1970,-1,5.0,0.0
22,193,3006,1,0.0,0.0
22,194,2200,1,3.0,0.0
22,195,2853,-1,5.0,2.0
22,196,2212,-1,2.0,5.0
22,197,4282,-1,5.0,2.0
22,198,1943,1,5.0,5.0
22,199,4470,-1,0.0,2.0
23,0,6226,1,0.0,1.0
23,1,3263,1,5.0,4.0
23,2,4199,-1,0.0,1.0
23,3,9812,1,1.0,1.0
23,4,2743,1,1.0,1.0
23,5,2520,-1,2.0,4.0
23,6,2275,1,5.0,1.0
23,7,3333,-1,1.0,1.0
23,8,2377,-1,1.0,5.0
23,9,3234,1,4.0,1.0
23,10,3483,1,1.0,1.0
23,11,2105,1,1.0,5.0
23,12,3170,1,1.0,2.0
23,13,2341,-1,1.0,5.0
23,14,2383,1,1.0,1.0
23,15,2583,1,1.0,1.0
23,16,5049,1,1.0,1.0
23,17,4060,1,2.0,1.0
23,18,2664,-1,5.0,1.0
23,19,2700,1,5.0,0.0
23,20,2625,-1,5.0,1.0
23,21,4005,1,5.0,2.0
23,22,3931,1,1.0,1.0
23,23,3398,1,5.0,5.0
23,24,2138,1,1.0,1.0
23,25,2404,1,1.0,1.0
23,26,3213,1,2.0,0.0
23,27,1997,-1,5.0,5.0
23,28,2035,1,5.0,5.0
23,29,1960,-1,2.0,2.0
23,30,3089,-1,1.0,5.0
23,31,2869,-1,1.0,1.0
23,32,3308,-1,5.0,1.0
23,33,2289,1,1.0,2.0
23,34,2347,-1,1.0,5.0
23,35,1740,1,1.0,4.0
23,36,2966,-1,1.0,3.0
23,37,1874,1,5.0,2.0
23,38,1851,1,5.0,1.0
23,39,1688,1,5.0,0.0
23,80,2772,1,1.0,5.0
23,81,1851,1,1.0,1.0
23,82,1870,1,2.0,2.0
23,83,2644,-1,1.0,5.0
23,84,1816,1,5.0,3.0
23,85,1833,-1,0.0,5.0
23,86,1523,1,5.0,1.0
23,87,1429,-1,1.0,1.0
23,88,1363,-1,0.0,2.0
23,89,2245,-1,2.0,5.0
23,90,2279,1,2.0,2.0
23,91,3264,1,1.0,5.0
23,92,2464,1,4.0,1.0
23,93,2326,1,1.0,0.0
23,94,1987,1,4.0,1.0
23,95,1752,-1,1.0,1.0
23,96,2468,-1,1.0,1.0
23,97,1418,-1,1.0,1.0
23,98,2354,1,5.0,1.0
23,99,1585,-1,4.0,1.0
23,100,2622,1,1.0,2.0
23,101,1517,1,4.0,4.0
23,102,1544,1,1.0,0.0
23,103,1912,1,1.0,5.0
23,104,1467,-1,0.0,0.0
23,105,1572,1,4.0,2.0
23,106,1334,-1,5.0,5.0
23,107,1976,1,5.0,1.0
23,108,1516,-1,1.0,1.0
23,109,1101,-1,2.0,1.0
23,110,1358,-1,2.0,1.0
23,111,1313,1,1.0,1.0
23,112,1436,-1,5.0,1.0
23,113,3417,-1,5.0,4.0
23,114,1447,1,1.0,4.0
23,115,2152,1,5.0,1.0
23,116,2086,1,1.0,2.0
23,117,2029,-1,1.0,4.0
23,118,1241,-1,1.0,2.0
23,119,2277,1,1.0,1.0
23,160,2395,-1,1.0,4.0
23,161,1391,-1,2.0,1.0
23,162,2040,-1,5.0,5.0
23,163,1514,-1,1.0,1.0
23,164,2268,-1,1.0,1.0
23,165,1945,1,5.0,0.0
23,166,2743,-1,4.0,1.0
23,167,1868,1,2.0,0.0
23,168,1422,-1,0.0,1.0
23,169,1338,-1,0.0,5.0
23,170,1123,-1,1.0,1.0
23,171,1647,1,1.0,1.0
23,172,1369,-1,1.0,0.0
23,173,1460,-1,0.0,2.0
23,174,1618,1,1.0,5.0
23,175,1412,1,5.0,1.0
23,176,1508,1,1.0,5.0
23,177,1440,1,0.0,0.0
23,178,1137,-1,1.0,5.0
23,179,2040,1,5.0,1.0
23,180,2754,-1,4.0,5.0
23,181,1343,-1,1.0,5.0
23,182,1237,-1,5.0,1.0
23,183,1076,-1,3.0,5.0
23,184,1780,1,5.0,1.0
23,185,1639,-1,2.0,2.0
23,186,1134,-1,1.0,4.0
23,187,1602,1,2.0,5.0
23,188,1392,-1,0.0,5.0
23,189,1156,-1,1.0,5.0
23,190,1987,1,3.0,1.0
23,191,1337,1,1.0,1.0
23,192,1423,-1,1.0,1.0
23,193,1237,-1,4.0,5.0
23,194,3604,-1,1.0,1.0
23,195,1187,-1,4.0,4.0
23,196,2248,1,1.0,1.0
23,197,2175,1,2.0,1.0
23,198,1821,1,5.0,5.0
23,199,1736,1,1.0,1.0
24,0,2267,1,5.0,3.0
24,1,5563,1,2.0,0.0
24,2,2849,1,5.0,0.0
24,3,2464,-1,0.0,5.0
24,4,3343,1,0.0,0.0
24,5,6349,1,5.0,5.0
24,6,6840,-1,3.0,5.0
24,7,4093,1,0.0,0.0
24,8,6859,-1,2.0,2.0
24,9,2668,1,4.0,0.0
24,10,4005,1,2.0,0.0
24,11,5189,1,0.0,3.0
24,12,12077,-1,4.0,3.0
24,13,2738,1,5.0,0.0
24,14,8511,-1,4.0,5.0
24,15,1971,-1,0.0,4.0
24,16,6449,1,5.0,5.0
24,17,4766,1,2.0,5.0
24,18,10343,1,4.0,0.0
24,19,4302,1,5.0,2.0
24,20,2190,-1,0.0,5.0
24,21,5200,-1,0.0,5.0
24,22,3241,-1,2.0,4.0
24,23,3230,-1,5.0,0.0
24,24,2208,-1,0.0,0.0
24,25,4344,-1,3.0,2.0
24,26,3648,1,3.0,0.0
24,27,4829,-1,0.0,0.0
24,28,7833,1,3.0,5.0
24,29,3509,-1,0.0,2.0
24,30,5678,1,5.0,5.0
24,31,9641,-1,0.0,4.0
24,32,2641,-1,0.0,0.0
24,33,3864,1,4.0,5.0
24,34,8579,1,4.0,5.0
24,35,4942,-1,0.0,0.0
24,36,5459,1,4.0,5.0
24,37,3964,1,3.0,0.0
24,38,3301,-1,0.0,5.0
24,39,2254,1,3.0,3.0
24,80,2681,1,2.0,0.0
24,81,1581,1,3.0,0.0
24,82,4246,1,2.0,2.0
24,83,2473,-1,2.0,4.0
24,84,3139,1,0.0,4.0
24,85,2291,-1,3.0,0.0
24,86,3829,-1,0.0,2.0
24,87,6066,-1,0.0,4.0
24,88,2432,1,5.0,4.0
24,89,2774,1,5.0,0.0
24,90,4400,1,5.0,5.0
24,91,7930,1,4.0,0.0
24,92,9274,-1,2.0,5.0
24,93,3058,-1,5.0,2.0
24,94,2230,-1,0.0,3.0
24,95,5704,1,4.0,2.0
24,96,5079,-1,5.0,4.0
24,97,1947,-1,5.0,4.0
24,98,2711,1,5.0,0.0
24,99,3762,1,2.0,5.0
24,100,2335,-1,0.0,0.0
24,101,3882,1,5.0,0.0
24,102,3200,-1,0.0,3.0
24,103,4185,-1,5.0,5.0
24,104,3143,-1,3.0,4.0
24,105,2977,-1,3.0,5.0
24,106,2672,1,3.0,3.0
24,107,2724,-1,0.0,3.0
24,108,2598,-1,5.0,5.0
24,109,2869,-1,5.0,4.0
24,110,1630,-1,0.0,4.0
24,111,2344,1,2.0,0.0
24,112,2267,-1,0.0,5.0
24,113,5893,1,5.0,3.0
24,114,8511,-1,5.0,3.0
24,115,2404,-1,0.0,3.0
24,116,2464,-1,3.0,5.0
24,117,2718,1,3.0,0.0
24,118,2665,1,0.0,0.0
24,119,3188,1,5.0,0.0
24,160,1695,1,5.0,0.0
24,161,3538,1,0.0,5.0
24,162,1528,-1,3.0,3.0
24,163,2970,-1,3.0,5.0
24,164,2504,1,5.0,3.0
24,165,3809,1,5.0,4.0
24,166,2412,1,3.0,0.0
24,167,1822,-1,0.0,3.0
24,168,4629,-1,3.0,4.0
24,169,1817,1,0.0,0.0
24,170,4297,1,0.0,0.0
24,171,3360,-1,0.0,0.0
24,172,1898,-1,0.0,0.0
24,173,2606,-1,0.0,5.0
24,174,2195,1,2.0,3.0
24,175,2781,-1,3.0,3.0
24,176,1788,1,4.0,0.0
24,177,1741,-1,0.0,3.0
24,178,1558,1,5.0,0.0
24,179,1739,-1,0.0,5.0
24,180,2494,1,4.0,0.0
24,181,2268,1,4.0,2.0
24,182,3137,-1,0.0,3.0
24,183,6736,1,4.0,5.0
24,184,4255,-1,0.0,4.0
24,185,1375,-1,0.0,5.0
24,186,1875,1,3.0,0.0
24,187,1598,1,3.0,0.0
24,188,3317,1,5.0,3.0
24,189,1928,-1,0.0,5.0
24,190,3759,-1,4.0,5.0
24,191,1547,1,4.0,3.0
24,192,1185,1,5.0,0.0
24,193,4437,-1,5.0,5.0
24,194,1457,-1,0.0,2.0
24,195,4006,-1,5.0,2.0
24,196,1873,-1,5.0,4.0
24,197,2094,-1,5.0,5.0
24,198,2234,-1,0.0,2.0
24,199,2696,-1,4.0,0.0
26,40,7276,1,5.0,0.0
26,41,5824,1,2.0,3.0
26,42,7376,-1,2.0,0.0
26,43,3845,-1,2.0,0.0
26,44,6311,1,0.0,0.0
26,45,5537,-1,0.0,4.0
26,46,3944,1,3.0,2.0
26,47,1897,1,2.0,2.0
26,48,6357,-1,2.0,5.0
26,49,5427,-1,2.0,4.0
26,50,4717,1,2.0,1.0
26,51,7041,1,4.0,2.0
26,52,5918,1,5.0,5.0
26,53,5560,-1,3.0,0.0
26,54,2630,1,1.0,0.0
26,55,7381,1,5.0,1.0
26,56,3629,-1,2.0,4.0
26,57,4150,-1,1.0,2.0
26,58,7049,1,4.0,3.0
26,59,4999,-1,0.0,3.0
26,60,9862,1,0.0,1.0
26,61,4063,-1,5.0,5.0
26,62,6810,-1,1.0,3.0
26,63,3101,1,2.0,1.0
26,64,2954,1,4.0,5.0
26,65,3784,-1,3.0,2.0
26,66,6244,1,4.0,2.0
26,67,4783,-1,2.0,5.0
26,68,3230,-1,2.0,0.0
26,69,4270,-1,3.0,3.0
26,70,5210,-1,5.0,4.0
26,71,4081,1,5.0,1.0
26,72,4482,-1,4.0,5.0
26,73,2258,1,0.0,4.0
26,74,3033,1,1.0,0.0
26,75,4403,-1,0.0,5.0
26,76,12058,1,4.0,5.0
26,77,5037,1,3.0,0.0
26,78,6049,-1,2.0,4.0
26,79,9080,1,2.0,1.0
26,120,8186,1,0.0,4.0
26,121,3613,1,0.0,2.0
26,122,4145,1,5.0,2.0
26,123,3821,1,3.0,0.0
26,124,4160,-1,3.0,4.0
26,125,4047,1,0.0,2.0
26,126,2783,1,0.0,3.0
26,127,3198,1,2.0,3.0
26,128,4522,-1,5.0,4.0
26,129,4851,1,5.0,1.0
26,130,3037,1,2.0,2.0
26,131,3206,1,0.0,2.0
26,132,7400,-1,2.0,0.0
26,133,4123,1,5.0,4.0
26,134,2431,1,2.0,5.0
26,135,3949,1,4.0,3.0
26,136,2789,1,2.0,2.0
26,137,4184,1,3.0,3.0
26,138,4479,-1,1.0,2.0
26,139,3740,1,2.0,4.0
26,140,2977,1,4.0,2.0
26,141,4256,-1,0.0,5.0
26,142,6446,1,4.0,1.0
26,143,7220,-1,0.0,2.0
26,144,9269,1,1.0,1.0
26,145,7282,1,1.0,5.0
26,146,6824,1,5.0,4.0
26,147,8894,1,4.0,2.0
26,148,2872,1,3.0,0.0
26,149,3400,-1,0.0,2.0
26,150,3006,1,5.0,2.0
26,151,5724,-1,4.0,2.0
26,152,2256,1,4.0,1.0
26,153,4666,-1,2.0,4.0
26,154,2353,-1,1.0,2.0
26,155,3690,-1,1.0,0.0
26,156,2113,1,4.0,4.0
26,157,4074,-1,2.0,4.0
26,158,6208,-1,2.0,4.0
26,159,3112,-1,2.0,1.0
26,200,4667,1,5.0,0.0
26,201,3084,1,2.0,3.0
26,202,2951,-1,2.0,0.0
26,203,2642,-1,2.0,0.0
26,204,3736,1,0.0,0.0
26,205,2900,-1,0.0,4.0
26,206,4960,1,3.0,2.0
26,207,4629,1,2.0,2.0
26,208,2670,-1,2.0,5.0
26,209,6760,-1,2.0,4.0
26,210,4611,1,2.0,1.0
26,211,3053,1,4.0,2.0
26,212,9550,1,5.0,5.0
26,213,3290,-1,3.0,0.0
26,214,2609,1,1.0,0.0
26,215,4385,-1,5.0,1.0
26,216,2633,-1,2.0,4.0
26,217,3711,-1,1.0,2.0
26,218,2380,1,4.0,3.0
26,219,3740,-1,0.0,3.0
26,220,3615,1,0.0,1.0
26,221,3097,-1,5.0,5.0
26,222,6915,-1,1.0,3.0
26,223,2991,1,2.0,1.0
26,224,3508,1,4.0,5.0
26,225,2359,-1,3.0,2.0
26,226,2056,1,4.0,2.0
26,227,6856,-1,2.0,5.0
26,228,4119,1,2.0,0.0
26,229,4080,-1,3.0,3.0
26,230,5074,-1,5.0,4.0
26,231,2733,1,5.0,1.0
26,232,2874,-1,4.0,5.0
26,233,2256,-1,0.0,4.0
26,234,2089,1,1.0,0.0
26,235,2964,-1,0.0,5.0
26,236,5859,1,4.0,5.0
26,237,6849,1,3.0,0.0
26,238,2574,-1,2.0,4.0
26,239,4769,-1,2.0,1.0
27,0,2522,-1,2.0,2.0
27,1,2282,-1,0.0,3.0
27,2,2160,-1,0.0,5.0
27,3,7246,-1,3.0,3.0
27,4,2454,1,2.0,3.0
27,5,3395,1,5.0,5.0
27,6,5644,1,3.0,2.0
27,7,2330,-1,0.0,5.0
27,8,2693,1,0.0,3.0
27,9,3727,1,3.0,3.0
27,10,1622,1,5.0,0.0
27,11,1435,-1,0.0,2.0
27,12,1789,-1,3.0,3.0
27,13,3679,1,0.0,2.0
27,14,3930,-1,2.0,2.0
27,15,1888,-1,3.0,3.0
27,16,1471,-1,5.0,5.0
27,17,1628,-1,5.0,3.0
27,18,1419,-1,0.0,5.0
27,19,2803,-1,2.0,2.0
27,20,1681,-1,0.0,3.0
27,21,1507,-1,5.0,3.0
27,22,5238,-1,3.0,5.0
27,23,3939,1,0.0,0.0
27,24,3004,-1,0.0,0.0
27,25,1446,-1,0.0,0.0
27,26,1083,1,5.0,0.0
27,27,1805,1,5.0,5.0
27,28,1357,1,5.0,2.0
27,29,1913,-1,2.0,0.0
27,30,3194,1,0.0,2.0
27,31,1848,1,5.0,0.0
27,32,1005,1,3.0,2.0
27,33,1574,-1,5.0,2.0
27,34,4318,-1,0.0,3.0
27,35,4139,-1,0.0,0.0
27,36,1800,1,3.0,2.0
27,37,5213,-1,0.0,3.0
27,38,1587,-1,2.0,3.0
27,39,6055,1,5.0,2.0
27,80,1831,-1,0.0,5.0
27,81,2600,1,3.0,3.0
27,82,1148,-1,3.0,2.0
27,83,1286,-1,3.0,5.0
27,84,1062,1,2.0,2.0
27,85,1199,1,3.0,5.0
27,86,1901,-1,3.0,3.0
27,87,1290,-1,2.0,5.0
27,88,3219,1,3.0,0.0
27,89,1094,1,5.0,0.0
27,90,2801,1,0.0,0.0
27,91,2263,-1,2.0,3.0
27,92,1572,1,3.0,0.0
27,93,1632,-1,0.0,5.0
27,94,1938,1,3.0,3.0
27,95,1733,1,2.0,0.0
27,96,1162,-1,0.0,3.0
27,97,1510,-1,2.0,3.0
27,98,1373,1,0.0,0.0
27,99,885,1,5.0,0.0
27,100,3526,1,2.0,3.0
27,101,1143,-1,2.0,0.0
27,102,2409,1,0.0,2.0
27,103,985,1,3.0,0.0
27,104,1652,1,5.0,2.0
27,105,962,1,2.0,5.0
27,106,1299,1,0.0,0.0
27,107,934,1,5.0,5.0
27,108,1329,-1,0.0,0.0
27,109,920,-1,5.0,3.0
27,110,1958,-1,0.0,0.0
27,111,1646,1,2.0,0.0
27,112,1375,1,5.0,0.0
27,113,1771,1,2.0,2.0
27,114,1112,-1,5.0,5.0
27,115,1664,1,3.0,0.0
27,116,1876,-1,2.0,3.0
27,117,1231,-1,3.0,5.0
27,118,1343,1,3.0,2.0
27,119,6922,-1,2.0,5.0
27,160,2174,1,3.0,0.0
27,161,1263,1,3.0,3.0
27,162,1289,1,2.0,0.0
27,163,2404,-1,3.0,5.0
27,164,1050,-1,0.0,5.0
27,165,1335,-1,5.0,5.0
27,166,1860,1,5.0,3.0
27,167,1304,1,2.0,2.0
27,168,1548,1,2.0,5.0
27,169,1508,1,3.0,2.0
27,170,893,-1,2.0,2.0
27,171,2328,-1,2.0,3.0
27,172,1057,-1,3.0,0.0
27,173,1699,-1,0.0,5.0
27,174,1224,-1,2.0,2.0
27,175,1755,-1,2.0,0.0
27,176,1849,1,3.0,0.0
27,177,2111,-1,0.0,3.0
27,178,1476,1,3.0,3.0
27,179,2505,1,3.0,0.0
27,180,1412,-1,0.0,2.0
27,181,1908,-1,0.0,3.0
27,182,1592,1,0.0,0.0
27,183,1595,1,5.0,0.0
27,184,1554,1,0.0,0.0
27,185,1283,1,5.0,0.0
27,186,1167,1,5.0,5.0
27,187,1491,1,0.0,2.0
27,188,1481,-1,3.0,2.0
27,189,1941,-1,5.0,5.0
27,190,3231,1,3.0,0.0
27,191,1675,1,5.0,2.0
27,192,1432,1,0.0,3.0
27,193,932,1,2.0,5.0
27,194,2517,1,3.0,0.0
27,195,2345,-1,3.0,3.0
27,196,1316,-1,0.0,3.0
27,197,1743,1,5.0,3.0
27,198,982,-1,0.0,5.0
27,199,1552,1,0.0,0.0
28,0,5218,1,3.0,5.0
28,1,7248,1,2.0,0.0
28,2,2898,1,4.0,2.0
28,3,5471,-1,2.0,2.0
28,4,3447,1,5.0,2.0
28,5,3919,-1,0.0,5.0
28,6,7124,-1,0.0,2.0
28,7,5170,-1,3.0,5.0
28,8,4174,-1,0.0,2.0
28,9,6871,1,1.0,0.0
28,10,2764,-1,0.0,1.0
28,11,8195,1,1.0,3.0
28,12,8021,1,2.0,5.0
28,13,5963,1,3.0,2.0
28,14,2223,1,2.0,3.0
28,15,3695,-1,3.0,4.0
28,16,4676,-1,2.0,1.0
28,17,2982,1,4.0,2.0
28,18,2382,1,2.0,3.0
28,19,5604,1,1.0,1.0
28,20,5217,1,1.0,0.0
28,21,2846,1,5.0,2.0
28,22,4036,-1,5.0,2.0
28,23,4221,1,4.0,3.0
28,24,3372,1,5.0,2.0
28,25,3120,-1,0.0,2.0
28,26,2686,1,0.0,0.0
28,27,3649,1,3.0,2.0
28,28,5248,-1,3.0,2.0
28,29,4962,-1,0.0,3.0
28,30,3327,-1,3.0,0.0
28,31,2116,-1,0.0,5.0
28,32,4660,-1,2.0,2.0
28,33,2764,1,3.0,0.0
28,34,2778,1,5.0,4.0
28,35,4795,1,2.0,3.0
28,36,3606,1,2.0,0.0
28,37,3734,1,1.0,4.0
28,38,2946,1,5.0,0.0
28,39,7245,-1,0.0,3.0
28,80,5984,-1,5.0,1.0
28,81,3191,1,5.0,3.0
28,82,4182,-1,0.0,2.0
28,83,4102,1,3.0,1.0
28,84,2944,-1,3.0,4.0
28,85,2196,1,3.0,2.0
28,86,2229,1,3.0,0.0
28,87,5346,1,4.0,0.0
28,88,3151,1,5.0,2.0
28,89,3122,1,5.0,3.0
28,90,3064,-1,1.0,5.0
28,91,1859,-1,0.0,2.0
28,92,1543,-1,2.0,2.0
28,93,3109,-1,2.0,5.0
28,94,2125,1,3.0,5.0
28,95,2329,1,3.0,0.0
28,96,3862,1,4.0,3.0
28,97,3743,-1,4.0,5.0
28,98,2877,-1,5.0,2.0
28,99,1661,-1,2.0,4.0
28,100,5019,-1,2.0,3.0
28,101,1641,1,2.0,2.0
28,102,2485,1,1.0,2.0
28,103,1627,1,1.0,0.0
28,104,6459,-1,1.0,1.0
28,105,4819,1,0.0,1.0
28,106,2632,1,0.0,3.0
28,107,2573,-1,2.0,1.0
28,108,2297,-1,2.0,5.0
28,109,3442,-1,2.0,5.0
28,110,2434,-1,4.0,1.0
28,111,1706,1,5.0,3.0
28,112,2474,1,4.0,3.0
28,113,3481,-1,2.0,3.0
28,114,2160,1,4.0,2.0
28,115,3388,-1,2.0,3.0
28,116,3516,1,0.0,2.0
28,117,4310,-1,2.0,0.0
28,118,2441,1,2.0,2.0
28,119,4558,-1,0.0,3.0
28,160,5402,1,3.0,0.0
28,161,2695,1,5.0,0.0
28,162,1641,-1,0.0,5.0
28,163,2217,1,5.0,0.0
28,164,1880,1,2.0,2.0
28,165,5845,1,2.0,2.0
28,166,1736,-1,0.0,1.0
28,167,3100,-1,0.0,0.0
28,168,2029,-1,2.0,5.0
28,169,3566,-1,5.0,1.0
28,170,1376,-1,2.0,4.0
28,171,5800,1,3.0,2.0
28,172,1393,-1,3.0,5.0
28,173,2747,1,1.0,2.0
28,174,2328,-1,2.0,2.0
28,175,4244,-1,2.0,0.0
28,176,1941,-1,3.0,2.0
28,177,1812,1,2.0,0.0
28,178,2362,1,1.0,5.0
28,179,2368,1,0.0,2.0
28,180,8461,-1,3.0,2.0
28,181,11486,1,2.0,3.0
28,182,2883,-1,2.0,3.0
28,183,2545,1,2.0,0.0
28,184,9944,-1,4.0,5.0
28,185,124,1,2.0,1.0
28,186,1620,-1,3.0,5.0
28,187,2275,-1,0.0,4.0
28,188,8418,1,3.0,4.0
28,189,2355,1,2.0,0.0
28,190,5932,-1,5.0,3.0
28,191,3315,1,1.0,2.0
28,192,3190,-1,2.0,4.0
28,193,3406,-1,0.0,3.0
28,194,3691,1,5.0,4.0
28,195,2304,1,2.0,5.0
28,196,2936,-1,2.0,0.0
28,197,2587,1,5.0,3.0
28,198,6367,1,3.0,2.0
28,199,2198,-1,0.0,2.0
29,40,7125,1,2.0,4.0
29,41,3692,1,3.0,0.0
29,42,2541,1,5.0,1.0
29,43,7651,1,3.0,3.0
29,44,19210,1,3.0,3.0
29,45,5687,-1,1.0,2.0
29,46,2943,1,3.0,0.0
29,47,2096,-1,1.0,4.0
29,48,5345,-1,2.0,2.0
29,49,3886,1,3.0,2.0
29,50,1650,-1,1.0,2.0
29,51,2712,-1,2.0,4.0
29,52,13753,-1,2.0,3.0
29,53,3784,-1,2.0,3.0
29,54,5761,-1,3.0,1.0
29,55,6237,-1,0.0,1.0
29,56,4639,-1,2.0,3.0
29,57,1720,-1,1.0,2.0
29,58,2302,-1,4.0,5.0
29,59,1715,-1,1.0,2.0
29,60,1930,-1,1.0,2.0
29,61,4637,-1,2.0,2.0
29,62,9011,-1,3.0,5.0
29,63,6690,-1,5.0,3.0
29,64,2786,1,3.0,3.0
29,65,1546,-1,1.0,5.0
29,66,1446,-1,0.0,5.0
29,67,4059,-1,1.0,1.0
29,68,3822,1,2.0,3.0
29,69,2249,1,5.0,3.0
29,70,2312,1,3.0,2.0
29,71,2977,1,5.0,4.0
29,72,3406,1,2.0,0.0
29,73,4218,-1,1.0,1.0
29,74,9446,-1,4.0,2.0
29,75,5078,-1,2.0,5.0
29,76,1907,1,3.0,1.0
29,77,4781,1,3.0,1.0
29,78,1780,-1,3.0,3.0
29,79,4086,1,4.0,2.0
29,120,11648,1,2.0,3.0
29,121,2738,1,1.0,1.0
29,122,2758,1,1.0,3.0
29,123,2128,1,5.0,1.0
29,124,1577,1,5.0,0.0
29,125,2926,1,2.0,1.0
29,126,2426,1,5.0,2.0
29,127,1679,-1,3.0,2.0
29,128,2037,1,3.0,2.0
29,129,7953,1,5.0,3.0
29,130,2166,-1,1.0,5.0
29,131,7358,1,5.0,3.0
29,132,1493,1,3.0,1.0
29,133,2742,-1,3.0,5.0
29,134,4685,1,2.0,2.0
29,135,5293,-1,2.0,2.0
29,136,3689,-1,3.0,4.0
29,137,3207,1,1.0,1.0
29,138,1903,1,1.0,0.0
29,139,4321,-1,3.0,1.0
29,140,4077,-1,3.0,4.0
29,141,2117,1,1.0,0.0
29,142,1499,-1,3.0,4.0
29,143,1574,-1,1.0,3.0
29,144,2185,-1,1.0,5.0
29,145,7289,-1,3.0,2.0
29,146,2325,1,2.0,1.0
29,147,1743,-1,0.0,1.0
29,148,3476,-1,0.0,4.0
29,149,3173,-1,4.0,5.0
29,150,2271,1,1.0,1.0
29,151,14454,-1,3.0,3.0
29,152,3308,-1,1.0,5.0
29,153,2205,1,2.0,2.0
29,154,3257,1,4.0,1.0
29,155,2696,1,1.0,3.0
29,156,1907,-1,2.0,4.0
29,157,2105,-1,3.0,3.0
29,158,2088,-1,1.0,3.0
29,159,1936,-1,3.0,3.0
29,200,2569,1,2.0,1.0
29,201,4504,1,5.0,1.0
29,202,1320,-1,0.0,2.0
29,203,4091,1,2.0,4.0
29,204,1717,1,1.0,0.0
29,205,1728,1,2.0,1.0
29,206,6360,-1,3.0,3.0
29,207,2025,1,3.0,2.0
29,208,3491,-1,2.0,3.0
29,209,2211,-1,1.0,3.0
29,210,1312,1,3.0,1.0
29,211,2754,-1,0.0,3.0
29,212,1412,1,3.0,3.0
29,213,1810,-1,0.0,1.0
29,214,1339,-1,1.0,1.0
29,215,1746,1,3.0,1.0
29,216,2398,1,4.0,2.0
29,217,1839,-1,3.0,5.0
29,218,1559,1,4.0,3.0
29,219,2145,1,4.0,1.0
29,220,1416,1,2.0,1.0
29,221,1437,1,5.0,1.0
29,222,1478,1,4.0,3.0
29,223,2347,1,1.0,1.0
29,224,1699,1,3.0,1.0
29,225,1938,-1,1.0,1.0
29,226,1418,-1,0.0,3.0
29,227,1855,-1,1.0,3.0
29,228,5421,1,3.0,5.0
29,229,3163,1,1.0,3.0
29,230,2525,-1,1.0,4.0
29,231,3023,-1,1.0,3.0
29,232,2172,1,2.0,2.0
29,233,1573,1,3.0,2.0
29,234,1768,-1,2.0,3.0
29,235,2488,-1,4.0,2.0
29,236,2144,1,4.0,0.0
29,237,1847,1,4.0,3.0
29,238,1349,1,5.0,4.0
29,239,3356,-1,3.0,3.0
31,40,4097,-1,2.0,5.0
31,41,3147,1,5.0,0.0
31,42,3290,-1,5.0,0.0
31,43,1592,1,2.0,0.0
31,44,5927,-1,1.0,3.0
31,45,6716,-1,4.0,5.0
31,46,2573,-1,4.0,5.0
31,47,7630,-1,4.0,5.0
31,48,12133,-1,4.0,3.0
31,49,2272,-1,5.0,4.0
31,50,4203,1,0.0,0.0
31,51,3365,1,2.0,5.0
31,52,3154,-1,0.0,0.0
31,53,2079,-1,0.0,2.0
31,54,6907,-1,4.0,3.0
31,55,4428,-1,2.0,3.0
31,56,2504,1,4.0,5.0
31,57,1729,-1,0.0,4.0
31,58,9992,-1,1.0,4.0
31,59,15692,1,3.0,5.0
31,60,2383,-1,3.0,3.0
31,61,2207,1,4.0,0.0
31,62,2120,-1,2.0,2.0
31,63,3330,1,3.0,2.0
31,64,1926,1,2.0,4.0
31,65,15372,-1,1.0,0.0
31,66,6074,-1,0.0,5.0
31,67,3917,1,5.0,0.0
31,68,2019,-1,0.0,2.0
31,69,1906,1,2.0,0.0
31,70,15875,-1,5.0,3.0
31,71,2140,-1,0.0,4.0
31,72,2231,-1,0.0,4.0
31,73,1655,1,3.0,2.0
31,74,1906,1,5.0,0.0
31,75,9094,1,5.0,3.0
31,76,4457,1,3.0,3.0
31,77,1952,1,5.0,0.0
31,78,13105,1,0.0,2.0
31,79,1514,1,3.0,0.0
31,120,2480,-1,0.0,0.0
31,121,17010,-1,4.0,2.0
31,122,1579,1,2.0,4.0
31,123,1613,1,2.0,2.0
31,124,4880,-1,5.0,3.0
31,125,1533,-1,2.0,3.0
31,126,1885,1,5.0,2.0
31,127,1947,-1,1.0,4.0
31,128,3188,-1,5.0,5.0
31,129,12094,1,5.0,3.0
31,130,1626,-1,2.0,3.0
31,131,2339,-1,0.0,2.0
31,132,1634,-1,0.0,5.0
31,133,4930,1,4.0,2.0
31,134,5033,1,4.0,0.0
31,135,7374,1,1.0,0.0
31,136,2179,-1,3.0,3.0
31,137,3895,1,3.0,3.0
31,138,1670,1,5.0,4.0
31,139,2896,-1,2.0,3.0
31,140,5344,1,3.0,4.0
31,141,1639,1,5.0,0.0
31,142,11081,1,5.0,1.0
31,143,3074,-1,4.0,5.0
31,144,1391,1,4.0,0.0
31,145,5478,1,5.0,4.0
31,146,1818,-1,4.0,4.0
31,147,3290,-1,0.0,3.0
31,148,8333,1,2.0,0.0
31,149,4008,1,3.0,5.0
31,150,5519,-1,0.0,0.0
31,151,5059,1,3.0,4.0
31,152,1343,1,5.0,2.0
31,153,1543,-1,0.0,2.0
31,154,2773,-1,2.0,2.0
31,155,1923,-1,5.0,2.0
31,156,5286,-1,0.0,4.0
31,157,1905,-1,0.0,5.0
31,158,2316,-1,0.0,5.0
31,159,2842,-1,0.0,0.0
31,200,6778,-1,2.0,4.0
31,201,1772,1,5.0,4.0
31,202,5648,-1,1.0,5.0
31,203,1608,1,5.0,5.0
31,204,1699,1,3.0,0.0
31,205,2439,1,5.0,4.0
31,206,1287,-1,0.0,5.0
31,207,1983,-1,0.0,2.0
31,208,1559,-1,0.0,5.0
31,209,1327,1,3.0,5.0
31,210,1355,1,2.0,5.0
31,211,4708,-1,2.0,4.0
31,212,1604,1,4.0,3.0
31,213,1778,1,4.0,0.0
31,214,1587,1,3.0,2.0
31,215,2114,1,5.0,0.0
31,216,1587,1,5.0,2.0
31,217,1460,1,4.0,1.0
31,218,1647,-1,0.0,4.0
31,219,1286,-1,0.0,3.0
31,220,4351,-1,3.0,5.0
31,221,5299,-1,0.0,1.0
31,222,1576,1,4.0,4.0
31,223,2241,1,3.0,1.0
31,224,1707,1,0.0,0.0
31,225,3191,1,3.0,2.0
31,226,1667,-1,4.0,5.0
31,227,1829,-1,4.0,2.0
31,228,2833,1,0.0,1.0
31,229,3748,-1,2.0,5.0
31,230,2311,1,4.0,1.0
31,231,1282,1,2.0,0.0
31,232,1169,1,2.0,0.0
31,233,1561,1,4.0,0.0
31,234,1629,1,0.0,5.0
31,235,9645,-1,5.0,4.0
31,236,1515,1,4.0,2.0
31,237,5227,1,2.0,2.0
31,238,1667,1,2.0,0.0
31,239,1788,1,3.0,4.0
32,0,5334,1,0.0,1.0
32,1,18197,-1,1.0,2.0
32,2,7372,1,2.0,2.0
32,3,3447,-1,2.0,3.0
32,4,36171,1,2.0,2.0
32,5,8380,1,2.0,1.0
32,6,9325,1,2.0,4.0
32,7,7753,-1,5.0,0.0
32,8,4712,1,5.0,5.0
32,9,3571,1,1.0,0.0
32,10,4094,1,3.0,5.0
32,11,12624,-1,4.0,2.0
32,12,4819,1,2.0,1.0
32,13,2567,1,2.0,1.0
32,14,10731,-1,4.0,4.0
32,15,3303,-1,0.0,2.0
32,16,5300,-1,1.0,5.0
32,17,9697,1,4.0,3.0
32,18,3098,-1,0.0,4.0
32,19,14014,-1,2.0,4.0
32,20,13465,-1,3.0,0.0
32,21,3587,1,2.0,4.0
32,22,3738,1,3.0,1.0
32,23,1965,1,2.0,2.0
32,24,2459,1,2.0,1.0
32,25,4585,1,2.0,4.0
32,26,5450,1,4.0,2.0
32,27,3348,-1,3.0,2.0
32,28,2413,1,2.0,2.0
32,29,11206,-1,5.0,4.0
32,30,2865,1,5.0,4.0
32,31,3809,-1,3.0,3.0
32,32,4112,1,4.0,5.0
32,33,3101,1,3.0,0.0
32,34,8950,-1,5.0,2.0
32,35,3522,1,5.0,2.0
32,36,1510,1,4.0,1.0
32,37,19246,-1,2.0,2.0
32,38,2955,1,2.0,2.0
32,39,1193,-1,2.0,4.0
32,80,6231,-1,0.0,1.0
32,81,3011,-1,0.0,0.0
32,82,2409,1,3.0,4.0
32,83,2435,-1,4.0,2.0
32,84,4272,-1,1.0,5.0
32,85,1771,-1,1.0,5.0
32,86,1553,1,0.0,0.0
32,87,2131,1,5.0,1.0
32,88,4454,-1,5.0,2.0
32,89,2067,-1,3.0,3.0
32,90,6613,-1,3.0,2.0
32,91,2693,1,2.0,4.0
32,92,1925,-1,1.0,2.0
32,93,2451,-1,2.0,2.0
32,94,2078,-1,1.0,2.0
32,95,1469,1,2.0,1.0
32,96,3927,1,2.0,5.0
32,97,2599,-1,2.0,5.0
32,98,1374,-1,4.0,2.0
32,99,3849,-1,3.0,4.0
32,100,2617,-1,0.0,5.0
32,101,1495,1,3.0,2.0
32,102,14139,1,5.0,5.0
32,103,1621,1,4.0,5.0
32,104,2360,1,0.0,3.0
32,105,1419,-1,0.0,5.0
32,106,1320,-1,1.0,5.0
32,107,2079,-1,1.0,0.0
32,108,2503,1,2.0,1.0
32,109,4697,1,3.0,3.0
32,110,2904,1,0.0,3.0
32,111,2019,-1,1.0,4.0
32,112,2119,-1,1.0,2.0
32,113,3313,1,2.0,1.0
32,114,2779,-1,5.0,2.0
32,115,2323,1,2.0,3.0
32,116,3587,1,4.0,2.0
32,117,5054,1,2.0,4.0
32,118,10933,-1,4.0,2.0
32,119,1969,-1,5.0,5.0
32,160,2672,1,2.0,0.0
32,161,2326,-1,0.0,3.0
32,162,3109,-1,1.0,2.0
32,163,8439,-1,4.0,5.0
32,164,7520,-1,5.0,2.0
32,165,2417,1,5.0,1.0
32,166,2522,-1,4.0,2.0
32,167,3021,1,5.0,0.0
32,168,1651,1,5.0,0.0
32,169,5081,-1,2.0,2.0
32,170,3538,-1,2.0,4.0
32,171,2058,-1,5.0,5.0
32,172,1332,-1,1.0,2.0
32,173,1279,-1,1.0,2.0
32,174,1766,1,2.0,5.0
32,175,1993,1,2.0,5.0
32,176,3741,1,2.0,3.0
32,177,1568,-1,5.0,3.0
32,178,2885,1,3.0,3.0
32,179,4836,-1,4.0,3.0
32,180,3805,1,3.0,0.0
32,181,2083,-1,4.0,2.0
32,182,2144,1,0.0,0.0
32,183,1048,-1,4.0,2.0
32,184,2220,-1,2.0,2.0
32,185,4032,1,2.0,4.0
32,186,1542,-1,5.0,4.0
32,187,2121,1,4.0,0.0
32,188,2933,1,2.0,1.0
32,189,2473,1,0.0,5.0
32,190,2796,-1,0.0,0.0
32,191,3799,1,2.0,2.0
32,192,3273,-1,1.0,3.0
32,193,2381,1,4.0,4.0
32,194,3845,1,5.0,1.0
32,195,1517,1,5.0,1.0
32,196,4989,-1,1.0,2.0
32,197,1742,-1,2.0,2.0
32,198,17190,1,2.0,2.0
32,199,2007,1,2.0,5.0
34,40,4101,-1,3.0,2.0
34,41,1766,-1,2.0,4.0
34,42,1519,-1,3.0,4.0
34,43,1537,1,2.0,2.0
34,44,2095,1,4.0,2.0
34,45,1470,-1,1.0,2.0
34,46,1394,1,2.0,2.0
34,47,1287,1,3.0,2.0
34,48,2019,-1,2.0,4.0
34,49,1489,1,4.0,2.0
34,50,1580,1,2.0,1.0
34,51,2929,1,4.0,4.0
34,52,2271,1,4.0,2.0
34,53,1267,-1,3.0,3.0
34,54,1697,-1,1.0,2.0
34,55,2221,1,4.0,4.0
34,56,2517,-1,2.0,4.0
34,57,2198,1,4.0,2.0
34,58,1366,1,2.0,4.0
34,59,1169,-1,1.0,3.0
34,60,1402,1,3.0,1.0
34,61,1264,-1,1.0,2.0
34,62,1502,1,3.0,3.0
34,63,2874,1,2.0,4.0
34,64,1981,-1,2.0,4.0
34,65,2145,1,2.0,2.0
34,66,1801,-1,1.0,2.0
34,67,1540,-1,1.0,1.0
34,68,3002,-1,2.0,2.0
34,69,1658,-1,1.0,4.0
34,70,1838,1,2.0,2.0
34,71,1426,-1,1.0,2.0
34,72,628,-1,3.0,2.0
34,73,3859,-1,2.0,1.0
34,74,1574,1,4.0,4.0
34,75,2088,-1,2.0,4.0
34,76,1802,-1,1.0,2.0
34,77,1819,-1,2.0,4.0
34,78,2086,1,3.0,3.0
34,79,2086,1,4.0,4.0
34,120,1965,1,4.0,2.0
34,121,1525,1,2.0,2.0
34,122,1904,-1,3.0,3.0
34,123,1477,-1,4.0,4.0
34,124,1766,-1,2.0,4.0
34,125,2567,-1,2.0,3.0
34,126,1852,-1,3.0,4.0
34,127,1661,1,2.0,1.0
34,128,3661,1,4.0,4.0
34,129,1965,-1,2.0,4.0
34,130,1367,1,4.0,1.0
34,131,2547,-1,2.0,3.0
34,132,1945,-1,2.0,4.0
34,133,5049,1,4.0,2.0
34,134,1410,1,2.0,2.0
34,135,2048,-1,2.0,1.0
34,136,3405,-1,2.0,2.0
34,137,1957,1,2.0,3.0
34,138,1332,-1,3.0,2.0
34,139,1868,-1,1.0,3.0
34,140,1324,1,3.0,2.0
34,141,4716,-1,2.0,4.0
34,142,1225,1,2.0,3.0
34,143,1674,-1,1.0,3.0
34,144,2678,-1,2.0,2.0
34,145,2060,1,2.0,1.0
34,146,1818,-1,2.0,4.0
34,147,1707,1,2.0,2.0
34,148,2411,-1,3.0,4.0
34,149,1403,-1,3.0,2.0
34,150,4120,-1,4.0,4.0
34,151,2113,-1,3.0,1.0
34,152,1632,1,4.0,2.0
34,153,1264,1,2.0,3.0
34,154,1891,1,1.0,1.0
34,155,1335,1,4.0,3.0
34,156,3517,1,4.0,2.0
34,157,2783,-1,1.0,2.0
34,158,1783,-1,4.0,2.0
34,159,4568,-1,2.0,2.0
34,200,2086,1,3.0,1.0
34,201,1680,1,2.0,2.0
34,202,1154,-1,4.0,2.0
34,203,1618,-1,3.0,2.0
34,204,1341,1,2.0,1.0
34,205,1503,-1,3.0,2.0
34,206,1061,1,2.0,3.0
34,207,1299,-1,2.0,2.0
34,208,1318,-1,2.0,2.0
34,209,1403,1,4.0,2.0
34,210,1038,-1,3.0,3.0
34,211,1515,-1,2.0,4.0
34,212,1690,-1,2.0,2.0
34,213,1468,1,2.0,2.0
34,214,1483,-1,2.0,2.0
34,215,1749,-1,4.0,4.0
34,216,1569,-1,2.0,3.0
34,217,1764,-1,4.0,4.0
34,218,1339,1,2.0,1.0
34,219,1418,1,4.0,2.0
34,220,1421,-1,2.0,4.0
34,221,1113,-1,3.0,3.0
34,222,1427,-1,4.0,3.0
34,223,1457,-1,2.0,3.0
34,224,1495,-1,1.0,3.0
34,225,1207,1,3.0,1.0
34,226,1818,-1,4.0,4.0
34,227,2552,1,3.0,2.0
34,228,1029,-1,2.0,3.0
34,229,991,1,4.0,2.0
34,230,1450,1,2.0,1.0
34,231,1329,1,1.0,2.0
34,232,1187,1,2.0,1.0
34,233,1720,1,4.0,3.0
34,234,2022,1,2.0,2.0
34,235,1291,1,4.0,2.0
34,236,1091,1,4.0,2.0
34,237,1469,-1,4.0,2.0
34,238,504,-1,1.0,2.0
34,239,1519,-1,2.0,4.0
35,0,10389,1,4.0,2.0
35,1,12281,1,1.0,5.0
35,2,4655,1,1.0,1.0
35,3,12876,1,1.0,2.0
35,4,13115,1,5.0,0.0
35,5,8251,-1,1.0,2.0
35,6,11508,1,2.0,1.0
35,7,4466,-1,1.0,3.0
35,8,6881,-1,2.0,5.0
35,9,8822,1,5.0,2.0
35,10,6250,-1,2.0,4.0
35,11,11204,1,2.0,5.0
35,12,7518,1,2.0,1.0
35,13,7205,1,2.0,2.0
35,14,13544,1,4.0,4.0
35,15,4710,1,5.0,2.0
35,16,18861,-1,5.0,5.0
35,17,6362,-1,0.0,2.0
35,18,5917,-1,2.0,1.0
35,19,4726,-1,2.0,2.0
35,20,9799,1,1.0,2.0
35,21,2915,-1,2.0,0.0
35,22,6992,1,5.0,5.0
35,23,6918,-1,1.0,1.0
35,24,7310,1,5.0,2.0
35,25,9781,1,5.0,3.0
35,26,7165,1,4.0,2.0
35,27,5585,-1,3.0,1.0
35,28,6547,1,1.0,2.0
35,29,4067,1,1.0,1.0
35,30,12814,-1,4.0,2.0
35,31,9606,1,2.0,2.0
35,32,6417,-1,0.0,5.0
35,33,6470,1,2.0,1.0
35,34,6685,-1,2.0,2.0
35,35,15820,1,3.0,5.0
35,36,7056,-1,2.0,5.0
35,37,4696,1,1.0,1.0
35,38,14234,-1,1.0,4.0
35,39,6289,1,5.0,1.0
35,80,5010,-1,1.0,1.0
35,81,3275,-1,2.0,5.0
35,82,2098,1,2.0,1.0
35,83,6506,-1,2.0,1.0
35,84,2409,1,4.0,2.0
35,85,2063,-1,1.0,1.0
35,86,7143,1,5.0,3.0
35,87,5394,-1,1.0,3.0
35,88,1950,1,5.0,2.0
35,89,5563,1,2.0,1.0
35,90,2133,1,2.0,4.0
35,91,3771,1,5.0,2.0
35,92,1855,1,4.0,1.0
35,93,4640,1,5.0,3.0
35,94,1858,-1,2.0,1.0
35,95,3817,-1,2.0,2.0
35,96,6495,-1,4.0,1.0
35,97,4248,1,1.0,1.0
35,98,7419,1,2.0,5.0
35,99,2882,-1,1.0,2.0
35,100,3919,-1,4.0,3.0
35,101,1913,-1,2.0,2.0
35,102,3954,-1,1.0,1.0
35,103,2453,1,1.0,3.0
35,104,3666,1,1.0,1.0
35,105,11719,1,2.0,2.0
35,106,2004,1,5.0,1.0
35,107,2707,1,5.0,1.0
35,108,4168,-1,1.0,2.0
35,109,3429,-1,1.0,4.0
35,110,3487,-1,5.0,2.0
35,111,4041,-1,4.0,4.0
35,112,1788,1,2.0,1.0
35,113,2805,-1,5.0,5.0
35,114,2061,1,3.0,1.0
35,115,3652,-1,1.0,5.0
35,116,3311,1,5.0,5.0
35,117,3253,-1,1.0,5.0
35,118,743,-1,2.0,2.0
35,119,1876,1,2.0,2.0
35,160,5133,1,0.0,5.0
35,161,1467,-1,1.0,5.0
35,162,5220,-1,5.0,5.0
35,163,1826,-1,1.0,1.0
35,164,2090,-1,5.0,1.0
35,165,2623,-1,2.0,1.0
35,166,3497,-1,3.0,5.0
35,167,3019,-1,2.0,5.0
35,168,2354,1,4.0,1.0
35,169,2661,-1,2.0,1.0
35,170,1743,1,4.0,1.0
35,171,1587,-1,4.0,5.0
35,172,5115,-1,2.0,5.0
35,173,5217,-1,1.0,5.0
35,174,6030,-1,1.0,3.0
35,175,3778,1,2.0,2.0
35,176,5407,-1,5.0,1.0
35,177,2174,1,2.0,0.0
35,178,2847,-1,3.0,5.0
35,179,3291,1,5.0,2.0
35,180,4987,-1,2.0,5.0
35,181,4128,-1,1.0,1.0
35,182,3855,-1,2.0,2.0
35,183,1922,1,1.0,4.0
35,184,3014,1,1.0,2.0
35,185,2150,1,0.0,2.0
35,186,7763,1,1.0,2.0
35,187,2781,1,3.0,1.0
35,188,1573,1,1.0,1.0
35,189,3015,1,2.0,4.0
35,190,2944,-1,1.0,2.0
35,191,1934,1,1.0,2.0
35,192,2872,1,3.0,1.0
35,193,5376,-1,1.0,1.0
35,194,2706,1,1.0,1.0
35,195,3084,1,5.0,0.0
35,196,2288,1,1.0,2.0
35,197,3319,-1,1.0,5.0
35,198,4068,-1,3.0,5.0
35,199,4507,1,2.0,2.0
36,40,2979,-1,2.0,3.0
36,41,5796,-1,5.0,0.0
36,42,3885,1,2.0,2.0
36,43,3259,-1,0.0,1.0
36,44,4394,-1,5.0,0.0
36,45,3168,1,0.0,0.0
36,46,6183,1,3.0,5.0
36,47,4436,-1,0.0,3.0
36,48,1963,-1,1.0,1.0
36,49,5075,-1,3.0,5.0
36,50,6062,-1,0.0,5.0
36,51,5352,1,0.0,1.0
36,52,1985,1,1.0,1.0
36,53,1887,-1,5.0,5.0
36,54,1937,-1,5.0,1.0
36,55,4144,-1,3.0,2.0
36,56,5704,-1,0.0,2.0
36,57,1955,1,2.0,1.0
36,58,3765,1,5.0,0.0
36,59,2026,1,3.0,2.0
36,60,3670,1,1.0,0.0
36,61,2594,-1,0.0,1.0
36,62,2082,1,3.0,1.0
36,63,6672,-1,1.0,3.0
36,64,5802,1,0.0,0.0
36,65,8729,-1,0.0,2.0
36,66,3054,1,3.0,5.0
36,67,3236,-1,1.0,5.0
36,68,2963,-1,2.0,0.0
36,69,3559,-1,5.0,3.0
36,70,2356,1,4.0,0.0
36,71,5576,1,5.0,0.0
36,72,5173,-1,0.0,3.0
36,73,2548,1,2.0,1.0
36,74,2538,1,3.0,2.0
36,75,2609,-1,2.0,5.0
36,76,1734,-1,0.0,5.0
36,77,3102,1,3.0,5.0
36,78,3116,-1,1.0,5.0
36,79,3175,1,3.0,5.0
36,120,6834,-1,0.0,0.0
36,121,5137,-1,4.0,5.0
36,122,5040,-1,1.0,3.0
36,123,4820,-1,5.0,5.0
36,124,2776,-1,0.0,3.0
36,125,2208,1,2.0,0.0
36,126,2687,1,3.0,1.0
36,127,4887,-1,0.0,5.0
36,128,1776,-1,1.0,0.0
36,129,3688,-1,3.0,0.0
36,130,1931,1,1.0,5.0
36,131,4309,-1,5.0,0.0
36,132,2584,1,5.0,1.0
36,133,3315,1,5.0,3.0
36,134,4567,1,0.0,5.0
36,135,4046,1,0.0,1.0
36,136,3695,1,2.0,1.0
36,137,1499,-1,0.0,0.0
36,138,2211,1,5.0,3.0
36,139,3111,1,3.0,2.0
36,140,2267,1,5.0,5.0
36,141,1991,1,3.0,0.0
36,142,1883,-1,0.0,0.0
36,143,3294,-1,1.0,1.0
36,144,4943,-1,0.0,5.0
36,145,1767,-1,2.0,1.0
36,146,3222,-1,0.0,0.0
36,147,2586,1,0.0,5.0
36,148,3819,1,1.0,2.0
36,149,5771,-1,5.0,3.0
36,150,2468,1,0.0,0.0
36,151,2557,-1,2.0,1.0
36,152,6305,-1,0.0,5.0
36,153,2647,1,1.0,0.0
36,154,2821,-1,5.0,3.0
36,155,2887,1,2.0,5.0
36,156,4328,1,5.0,3.0
36,157,8627,1,3.0,1.0
36,158,2213,-1,5.0,0.0
36,159,3460,1,0.0,5.0
36,200,2246,-1,2.0,3.0
36,201,3629,1,5.0,0.0
36,202,2447,1,2.0,2.0
36,203,4052,-1,0.0,1.0
36,204,3336,1,5.0,0.0
36,205,1915,1,0.0,0.0
36,206,3733,1,3.0,5.0
36,207,3833,1,0.0,3.0
36,208,2376,-1,1.0,1.0
36,209,2037,-1,3.0,5.0
36,210,2393,1,0.0,5.0
36,211,2029,1,0.0,1.0
36,212,1728,1,1.0,1.0
36,213,2256,-1,5.0,5.0
36,214,1801,1,5.0,1.0
36,215,2108,-1,3.0,2.0
36,216,2039,-1,0.0,2.0
36,217,1780,1,2.0,1.0
36,218,1563,-1,5.0,0.0
36,219,1749,1,3.0,2.0
36,220,4093,-1,1.0,0.0
36,221,2985,1,0.0,1.0
36,222,1260,1,3.0,1.0
36,223,2212,-1,1.0,3.0
36,224,1448,1,0.0,0.0
36,225,7832,1,0.0,2.0
36,226,1974,-1,3.0,5.0
36,227,1973,-1,1.0,5.0
36,228,1709,-1,2.0,0.0
36,229,2462,1,5.0,3.0
36,230,4445,1,4.0,0.0
36,231,6463,1,5.0,0.0
36,232,2098,1,0.0,3.0
36,233,9211,-1,2.0,1.0
36,234,1885,1,3.0,2.0
36,235,1729,-1,2.0,5.0
36,236,8373,1,0.0,5.0
36,237,2992,1,3.0,5.0
36,238,1640,-1,1.0,5.0
36,239,2761,1,3.0,5.0
39,0,23506,1,4.0,3.0
39,1,3916,1,3.0,3.0
39,2,3182,-1,3.0,2.0
39,3,2204,-1,1.0,2.0
39,4,7430,1,3.0,1.0
39,5,4646,-1,1.0,3.0
39,6,6545,1,2.0,1.0
39,7,5827,-1,4.0,3.0
39,8,3360,1,4.0,1.0
39,9,6354,-1,3.0,3.0
39,10,4431,-1,3.0,3.0
39,11,5403,1,3.0,4.0
39,12,3320,-1,1.0,3.0
39,13,4550,1,3.0,1.0
39,14,6031,1,3.0,1.0
39,15,3199,1,1.0,1.0
39,16,6108,-1,3.0,3.0
39,17,5986,-1,2.0,3.0
39,18,1806,1,3.0,3.0
39,19,6331,-1,1.0,1.0
39,20,4742,-1,3.0,3.0
39,21,8464,-1,4.0,4.0
39,22,7012,-1,2.0,3.0
39,23,10804,1,3.0,2.0
39,24,11732,-1,3.0,3.0
39,25,3834,-1,1.0,3.0
39,26,8408,-1,3.0,3.0
39,27,3200,1,3.0,1.0
39,28,5024,1,2.0,4.0
39,29,5594,-1,1.0,4.0
39,30,6295,1,4.0,3.0
39,31,3387,1,3.0,3.0
39,32,4213,-1,1.0,1.0
39,33,9397,-1,1.0,3.0
39,34,4945,1,4.0,2.0
39,35,2142,1,3.0,1.0
39,36,6442,-1,4.0,2.0
39,37,3647,1,3.0,4.0
39,38,6292,-1,3.0,3.0
39,39,3688,1,2.0,1.0
39,80,3668,-1,1.0,3.0
39,81,2351,1,2.0,1.0
39,82,2922,-1,1.0,1.0
39,83,8109,-1,3.0,2.0
39,84,6807,1,4.0,4.0
39,85,5397,1,3.0,3.0
39,86,4856,-1,1.0,3.0
39,87,5477,1,3.0,3.0
39,88,5040,-1,1.0,2.0
39,89,3517,1,3.0,4.0
39,90,5849,-1,1.0,1.0
39,91,3049,-1,1.0,4.0
39,92,2881,1,1.0,3.0
39,93,5881,1,4.0,1.0
39,94,2165,-1,2.0,3.0
39,95,3136,1,3.0,1.0
39,96,4168,-1,3.0,4.0
39,97,4451,1,3.0,3.0
39,98,2554,-1,1.0,3.0
39,99,4393,1,3.0,3.0
39,100,3045,1,3.0,1.0
39,101,2918,-1,1.0,3.0
39,102,2859,1,2.0,1.0
39,103,2373,-1,2.0,4.0
39,104,6841,-1,1.0,1.0
39,105,3286,1,3.0,3.0
39,106,5436,1,3.0,1.0
39,107,2310,-1,1.0,3.0
39,108,2072,1,1.0,1.0
39,109,4191,-1,4.0,3.0
39,110,3020,1,3.0,4.0
39,111,3719,-1,3.0,3.0
39,112,1827,1,3.0,1.0
39,113,2118,-1,1.0,3.0
39,114,2403,1,3.0,2.0
39,115,2705,1,3.0,2.0
39,116,1522,1,2.0,2.0
39,117,4371,-1,3.0,4.0
39,118,1978,-1,1.0,3.0
39,119,1898,-1,3.0,3.0
39,160,2660,1,4.0,2.0
39,161,3199,1,1.0,4.0
39,162,4957,-1,1.0,2.0
39,163,6888,-1,3.0,3.0
39,164,9881,1,1.0,3.0
39,165,1935,-1,1.0,2.0
39,166,2920,-1,3.0,3.0
39,167,5997,1,1.0,4.0
39,168,4725,1,3.0,4.0
39,169,6044,-1,1.0,1.0
39,170,2217,1,3.0,3.0
39,171,3938,-1,3.0,1.0
39,172,1679,1,3.0,1.0
39,173,1891,-1,1.0,3.0
39,174,3311,-1,3.0,1.0
39,175,7395,-1,4.0,3.0
39,176,1532,-1,1.0,1.0
39,177,2516,-1,2.0,4.0
39,178,2287,1,2.0,1.0
39,179,2397,1,3.0,3.0
39,180,5064,1,1.0,1.0
39,181,3199,1,4.0,3.0
39,182,3206,1,3.0,3.0
39,183,3157,-1,4.0,2.0
39,184,3591,1,1.0,2.0
39,185,6740,1,3.0,1.0
39,186,2241,-1,2.0,3.0
39,187,1777,1,3.0,1.0
39,188,2463,-1,2.0,2.0
39,189,1785,-1,2.0,4.0
39,190,1538,1,4.0,1.0
39,191,3255,-1,3.0,3.0
39,192,3410,1,2.0,3.0
39,193,10780,1,1.0,3.0
39,194,3989,1,3.0,4.0
39,195,4521,1,3.0,1.0
39,196,10064,-1,4.0,1.0
39,197,4791,1,3.0,3.0
39,198,3853,1,4.0,3.0
39,199,1933,1,4.0,3.0
